                   201   NumCoords   ! The number of coordinates in the airfoil shape file (including an extra coordinate for airfoil reference).  Set to zero if coordinates not included.
! ......... x-y coordinates are next if NumCoords > 0 .............
! x-y coordinate of airfoil reference
!  x/c        y/c
 0.319295       0
! coordinates of airfoil shape
! interpolation to 200 points
!  x/c        y/c
 1.00000000000000e+00 -1.17361248356945e-02
 9.99429683992583e-01 -1.15866711315380e-02
 9.98063017832965e-01 -1.12329513643447e-02
 9.95573914266674e-01 -1.06047313127048e-02
 9.92086309749559e-01 -9.75919996508694e-03
 9.87686148675057e-01 -8.75004075565244e-03
 9.82330525170640e-01 -7.60816282821933e-03
 9.76011908335692e-01 -6.38242318222216e-03
 9.68787467298381e-01 -5.14122377203140e-03
 9.60674860259240e-01 -3.95000635695388e-03
 9.51675358763677e-01 -2.87758317853612e-03
 9.41827652746244e-01 -2.00192713523072e-03
 9.31175295355131e-01 -1.42519833086448e-03
 9.19730397431178e-01 -1.12916800785255e-03
 9.07524559194720e-01 -1.16541958213517e-03
 8.94610408070308e-01 -1.57175352482432e-03
 8.81009696499435e-01 -2.44799419795893e-03
 8.66747905197194e-01 -3.82392349590782e-03
 8.51890258171205e-01 -5.72456059197076e-03
 8.36469462621421e-01 -8.17302401027388e-03
 8.20513485943698e-01 -1.11876290454273e-02
 8.04073832217581e-01 -1.47746501015258e-02
 7.87191529885653e-01 -1.89414006265957e-02
 7.69897919101553e-01 -2.37317534877083e-02
 7.52252341235159e-01 -2.91137461263834e-02
 7.34291349178558e-01 -3.50273462498900e-02
 7.16044924955764e-01 -4.14312998246043e-02
 6.97571640033109e-01 -4.82698588869407e-02
 6.78906186433687e-01 -5.54754490017517e-02
 6.60080312620540e-01 -6.29513843459870e-02
 6.41147517137212e-01 -7.05917923778126e-02
 6.22137650968852e-01 -7.83092849558580e-02
 6.03087998194415e-01 -8.60085604584668e-02
 5.84045042118975e-01 -9.35804947893819e-02
 5.65030897687003e-01 -1.00950862786928e-01
 5.46088602779599e-01 -1.08052890652032e-01
 5.27248673916899e-01 -1.14807219121223e-01
 5.08535950506088e-01 -1.21179173224423e-01
 4.89992355470388e-01 -1.27124811697846e-01
 4.71632114506831e-01 -1.32615651219425e-01
 4.53492503744348e-01 -1.37618699774085e-01
 4.35593302897673e-01 -1.42127374078467e-01
 4.17956065616942e-01 -1.46127203086043e-01
 4.00609748442576e-01 -1.49620989704824e-01
 3.83560931606009e-01 -1.52603074954152e-01
 3.66843215733716e-01 -1.55106264214801e-01
 3.50457316320503e-01 -1.57127117927995e-01
 3.34434484008630e-01 -1.58687495745368e-01
 3.18774100329315e-01 -1.59803556186769e-01
 3.03499623121295e-01 -1.60499277722117e-01
 2.88611293565648e-01 -1.60783515002115e-01
 2.74124386665666e-01 -1.60673549044595e-01
 2.60041455523719e-01 -1.60191802256578e-01
 2.46374872015918e-01 -1.59359217789439e-01
 2.33123443938833e-01 -1.58192187380245e-01
 2.20293777810423e-01 -1.56706000839577e-01
 2.07883282965331e-01 -1.54927362399685e-01
 1.95902956391646e-01 -1.52873818718028e-01
 1.84341253066628e-01 -1.50558734799655e-01
 1.73213930954161e-01 -1.48009408079489e-01
 1.62499176129638e-01 -1.45235472270073e-01
 1.52214602777259e-01 -1.42256973003834e-01
 1.42331759398971e-01 -1.39090705687548e-01
 1.32872111539190e-01 -1.35757829363640e-01
 1.23806439629760e-01 -1.32264147037326e-01
 1.15147623386077e-01 -1.28643146172376e-01
 1.06887208802748e-01 -1.24907514553975e-01
 9.90071115215634e-02 -1.21063075313904e-01
 9.15234043853440e-02 -1.17141745489545e-01
 8.43970428172224e-02 -1.13139854201548e-01
 7.76464790199521e-02 -1.09080135363743e-01
 7.12479082120208e-02 -1.04975108991638e-01
 6.51878662973747e-02 -1.00827142955421e-01
 5.94874721274203e-02 -9.66648067537624e-02
 5.41002464180900e-02 -9.24827666478284e-02
 4.90378786701877e-02 -8.83001812219814e-02
 4.43003497573340e-02 -8.41309015398204e-02
 3.98423597346805e-02 -7.99665570906654e-02
 3.56899752436130e-02 -7.58434290291901e-02
 3.18292350050659e-02 -7.17572183235085e-02
 2.82200072057900e-02 -6.76930430011968e-02
 2.48925247792698e-02 -6.36755763293186e-02
 2.18286683030035e-02 -5.97134986937651e-02
 1.89846947131332e-02 -5.57356614458900e-02
 1.63921917020335e-02 -5.18411292929084e-02
 1.40446346341990e-02 -4.80415243232039e-02
 1.18798249846349e-02 -4.42440410451220e-02
 9.93094518736226e-03 -4.05564696540727e-02
 8.21940795734749e-03 -3.69973904963436e-02
 6.65838622137879e-03 -3.33842881126193e-02
 5.26774192850643e-03 -2.97650805031404e-02
 4.09515753852961e-03 -2.61939083844680e-02
 3.09878859713642e-03 -2.26364286901727e-02
 2.19660773551101e-03 -1.90002961655756e-02
 1.46264176301869e-03 -1.53272692945878e-02
 9.64484608297922e-04 -1.21130937011959e-02
 5.99373867982851e-04 -8.57127152130579e-03
 2.90086645599082e-04 -4.21193246385757e-03
 7.80707788302466e-05 -1.14654884601259e-03
 0.00000000000000e+00  0.00000000000000e+00
 7.80412061165972e-05  1.10765024030521e-03
 2.89878724192004e-04  4.24635948161206e-03
 5.98775316682048e-04  8.56297008061198e-03
 9.63326351634835e-04  1.21068348528317e-02
 1.45966821282819e-03  1.53158117478512e-02
 2.19097636449990e-03  1.90722291145072e-02
 3.08997841959778e-03  2.30663073642974e-02
 4.08271112470316e-03  2.70869764498785e-02
 5.24853124383664e-03  3.08637346252587e-02
 6.63128223001261e-03  3.46691962548379e-02
 8.18368429859057e-03  3.84616863041891e-02
 9.88361416849065e-03  4.21586492437851e-02
 1.18176401547236e-02  4.60165773183416e-02
 1.39661993216830e-02  4.99761509214049e-02
 1.62951420791042e-02  5.39270090964535e-02
 1.88631937781153e-02  5.79713203530043e-02
 2.16807137532775e-02  6.20766406663627e-02
 2.47159162958630e-02  6.61662690537926e-02
 2.80064400105864e-02  7.02971042785037e-02
 3.15762558914965e-02  7.44752618070958e-02
 3.53948396168776e-02  7.86520558259236e-02
 3.94949825480075e-02  8.28446499409021e-02
 4.38979282781582e-02  8.70622142550551e-02
 4.85758075737765e-02  9.12592663797603e-02
 5.35679916138118e-02  9.54543833969705e-02
 5.88818211488708e-02  9.96259764203431e-02
 6.45001629027313e-02  1.03743922057131e-01
 7.04692046391145e-02  1.07828789138788e-01
 7.67740309924709e-02  1.11855691110219e-01
 8.34162127168367e-02  1.15810986988084e-01
 9.04290195190656e-02  1.19689360510789e-01
 9.77906533229447e-02  1.23462677873616e-01
 1.05536187198748e-01  1.27123060532182e-01
 1.13658760041779e-01  1.30656513772740e-01
 1.22161483318940e-01  1.34043785799074e-01
 1.31067498602735e-01  1.37283665240070e-01
 1.40354649921884e-01  1.40347672562155e-01
 1.50055110786138e-01  1.43223586222555e-01
 1.60148962661562e-01  1.45890603394185e-01
 1.70658187899640e-01  1.48329209679775e-01
 1.81574957422924e-01  1.50535961086715e-01
 1.92907571409635e-01  1.52485466733551e-01
 2.04657634577812e-01  1.54175477319574e-01
 2.16817353069424e-01  1.55589399701078e-01
 2.29396483963478e-01  1.56728803947491e-01
 2.42377800694080e-01  1.57588539778990e-01
 2.55773624268338e-01  1.58162164384271e-01
 2.69566785632899e-01  1.58450247413533e-01
 2.83765797226135e-01  1.58430729687126e-01
 2.98347982887804e-01  1.58139455773288e-01
 3.13318978785268e-01  1.57531564728579e-01
 3.28658461892810e-01  1.56644720965253e-01
 3.44364941645546e-01  1.55471575808283e-01
 3.60419773725681e-01  1.54016337893779e-01
 3.76811233766957e-01  1.52282613311714e-01
 3.93525251020729e-01  1.50280866576494e-01
 4.10538642553571e-01  1.47990179524100e-01
 4.27843232490823e-01  1.45451745957553e-01
 4.45406663468198e-01  1.42668712100793e-01
 4.63222254103030e-01  1.39643276360952e-01
 4.81251545655716e-01  1.36387311512697e-01
 4.99481026671737e-01  1.32926408989121e-01
 5.17879583085697e-01  1.29267948323530e-01
 5.36417631367010e-01  1.25449939152069e-01
 5.55075704909560e-01  1.21482348633813e-01
 5.73808427242608e-01  1.17374132885989e-01
 5.92596731105059e-01  1.13141938015149e-01
 6.11401377553511e-01  1.08811159045539e-01
 6.30186430605241e-01  1.04387856091293e-01
 6.48926781663159e-01  9.98969928834706e-02
 6.67570206424973e-01  9.53536701746956e-02
 6.86088429590952e-01  9.07643183680246e-02
 7.04445389043917e-01  8.61652773422362e-02
 7.22592093722966e-01  8.15571587672579e-02
 7.40501800453524e-01  7.69629504718343e-02
 7.58125457122835e-01  7.24142025568044e-02
 7.75421014376153e-01  6.79210463053727e-02
 7.92362373587600e-01  6.35116405212491e-02
 8.08894546151696e-01  5.91977970193625e-02
 8.24974633014891e-01  5.49875119744987e-02
 8.40576952273409e-01  5.09135501380453e-02
 8.55652758808818e-01  4.69823892316441e-02
 8.70162898882712e-01  4.32221497830252e-02
 8.84085033071272e-01  3.96310933635995e-02
 8.97361214262371e-01  3.62215416324415e-02
 9.09954680076662e-01  3.30136963297113e-02
 9.21851471402547e-01  3.00159597827223e-02
 9.33012836658427e-01  2.72390884369223e-02
 9.43389278969050e-01  2.46737714873970e-02
 9.52973153850560e-01  2.23093885014865e-02
 9.61743130827061e-01  2.01474058945728e-02
 9.69640690675464e-01  1.82020913147862e-02
 9.76664215898664e-01  1.64735444574963e-02
 9.82815077112014e-01  1.49610495192822e-02
 9.88028440045103e-01  1.36801120212241e-02
 9.92304836603751e-01  1.26301452345760e-02
 9.95693518775914e-01  1.17986464979664e-02
 9.98120489340015e-01  1.12034173792486e-02
 9.99443037908705e-01  1.08791589738507e-02
 1.00000000000000e+00  1.07426271618776e-02
