                   201   NumCoords   ! The number of coordinates in the airfoil shape file (including an extra coordinate for airfoil reference).  Set to zero if coordinates not included.
! ......... x-y coordinates are next if NumCoords > 0 .............
! x-y coordinate of airfoil reference
!  x/c        y/c
 0.295970       0
! coordinates of airfoil shape
! interpolation to 200 points
!  x/c        y/c
 1.00000000000000e+00 -8.39733273168945e-03
 9.99429683992583e-01 -8.27852404485275e-03
 9.98063017832965e-01 -7.99712759693459e-03
 9.95573914266674e-01 -7.49656062148472e-03
 9.92086309749559e-01 -6.82092122821345e-03
 9.87686148675057e-01 -6.01086412273037e-03
 9.82330525170640e-01 -5.08778058123583e-03
 9.76011908335692e-01 -4.08592260041659e-03
 9.68787467298381e-01 -3.05367820303033e-03
 9.60674860259240e-01 -2.03499368286833e-03
 9.51675358763677e-01 -1.07387176358381e-03
 9.41827652746244e-01 -2.19181807663077e-04
 9.31175295355131e-01  4.15701406372970e-04
 9.19730397431178e-01  7.99050968890842e-04
 9.07524559194720e-01  8.75803216887411e-04
 8.94610408070308e-01  6.27175509223653e-04
 8.81009696499435e-01 -5.92140020690217e-05
 8.66747905197194e-01 -1.20472782641081e-03
 8.51890258171205e-01 -2.83101056416062e-03
 8.36469462621421e-01 -4.95479020847802e-03
 8.20513485943698e-01 -7.60541530226662e-03
 8.04073832217581e-01 -1.08037479577776e-02
 7.87191529885653e-01 -1.45673471557484e-02
 7.69897919101553e-01 -1.89565529366518e-02
 7.52252341235159e-01 -2.39368965567105e-02
 7.34291349178558e-01 -2.94361300446346e-02
 7.16044924955764e-01 -3.54234330802344e-02
 6.97571640033109e-01 -4.18565374725367e-02
 6.78906186433687e-01 -4.86690265952504e-02
 6.60080312620540e-01 -5.57807824143233e-02
 6.41147517137212e-01 -6.30869324026491e-02
 6.22137650968852e-01 -7.04995820615587e-02
 6.03087998194415e-01 -7.79231846799469e-02
 5.84045042118975e-01 -8.52456334488624e-02
 5.65030897687003e-01 -9.23899094853289e-02
 5.46088602779599e-01 -9.92767940311584e-02
 5.27248673916899e-01 -1.05825806365036e-01
 5.08535950506088e-01 -1.11994254582085e-01
 4.89992355470388e-01 -1.17738152949924e-01
 4.71632114506831e-01 -1.23021249934697e-01
 4.53492503744348e-01 -1.27815345214967e-01
 4.35593302897673e-01 -1.32115570450227e-01
 4.17956065616942e-01 -1.35928633972237e-01
 4.00609748442576e-01 -1.39244626360016e-01
 3.83560931606009e-01 -1.42070468337723e-01
 3.66843215733716e-01 -1.44423677982387e-01
 3.50457316320503e-01 -1.46303594722529e-01
 3.34434484008630e-01 -1.47733348991594e-01
 3.18774100329315e-01 -1.48718243598140e-01
 3.03499623121295e-01 -1.49300064380391e-01
 2.88611293565648e-01 -1.49475382788947e-01
 2.74124386665666e-01 -1.49280567505283e-01
 2.60041455523719e-01 -1.48701316163568e-01
 2.46374872015918e-01 -1.47797430634923e-01
 2.33123443938833e-01 -1.46563883701049e-01
 2.20293777810423e-01 -1.45019322875625e-01
 2.07883282965331e-01 -1.43188084634369e-01
 1.95902956391646e-01 -1.41085826070365e-01
 1.84341253066628e-01 -1.38728926787476e-01
 1.73213930954161e-01 -1.36142433521996e-01
 1.62499176129638e-01 -1.33327247489477e-01
 1.52214602777259e-01 -1.30311369592975e-01
 1.42331759398971e-01 -1.27121549018964e-01
 1.32872111539190e-01 -1.23774584948540e-01
 1.23806439629760e-01 -1.20277558383218e-01
 1.15147623386077e-01 -1.16666829224288e-01
 1.06887208802748e-01 -1.12949664686205e-01
 9.90071115215634e-02 -1.09137811058909e-01
 9.15234043853440e-02 -1.05270011843078e-01
 8.43970428172224e-02 -1.01343228598430e-01
 7.76464790199521e-02 -9.73816240076239e-02
 7.12479082120208e-02 -9.34035882876663e-02
 6.51878662973747e-02 -8.94085695729435e-02
 5.94874721274203e-02 -8.54265194440568e-02
 5.41002464180900e-02 -8.14552490680333e-02
 4.90378786701877e-02 -7.75089793307548e-02
 4.43003497573340e-02 -7.36009554853743e-02
 3.98423597346805e-02 -6.97143852882186e-02
 3.56899752436130e-02 -6.58906545956125e-02
 3.18292350050659e-02 -6.21321466986254e-02
 2.82200072057900e-02 -5.84179964829650e-02
 2.48925247792698e-02 -5.47770394280899e-02
 2.18286683030035e-02 -5.12183807259702e-02
 1.89846947131332e-02 -4.76861405317113e-02
 1.63921917020335e-02 -4.42550777492853e-02
 1.40446346341990e-02 -4.09081504538356e-02
 1.18798249846349e-02 -3.75745788593186e-02
 9.93094518736226e-03 -3.43426913951209e-02
 8.21940795734749e-03 -3.12083954813345e-02
 6.65838622137879e-03 -2.80725921076520e-02
 5.26774192850643e-03 -2.50111204906505e-02
 4.09515753852961e-03 -2.20531453622863e-02
 3.09878859713642e-03 -1.92571273834244e-02
 2.19660773551101e-03 -1.65522520255643e-02
 1.46264176301869e-03 -1.36080379109549e-02
 9.64484608297922e-04 -1.09504582606959e-02
 5.99373867982851e-04 -7.75461272695031e-03
 2.90086645599082e-04 -3.75720891669571e-03
 7.80707788302466e-05 -9.19332718731990e-04
 0.00000000000000e+00  0.00000000000000e+00
 7.80412061165972e-05  9.43281287775399e-04
 2.89878724192004e-04  3.79086627974762e-03
 5.98775316682048e-04  7.95160348506703e-03
 9.63326351634835e-04  1.12392914409068e-02
 1.45966821282819e-03  1.41152871444513e-02
 2.19097636449990e-03  1.72528986493335e-02
 3.08997841959778e-03  2.02152552227319e-02
 4.08271112470316e-03  2.32715479845986e-02
 5.24853124383664e-03  2.64016190458578e-02
 6.63128223001261e-03  2.96635675346046e-02
 8.18368429859057e-03  3.30099163366229e-02
 9.88361416849065e-03  3.63140791959464e-02
 1.18176401547236e-02  3.97451771834190e-02
 1.39661993216830e-02  4.32730873692853e-02
 1.62951420791042e-02  4.67872055069874e-02
 1.88631937781153e-02  5.03896471891811e-02
 2.16807137532775e-02  5.40617027254007e-02
 2.47159162958630e-02  5.77450895167445e-02
 2.80064400105864e-02  6.14727765696439e-02
 3.15762558914965e-02  6.52525535514687e-02
 3.53948396168776e-02  6.90514049277792e-02
 3.94949825480075e-02  7.28803518202449e-02
 4.38979282781582e-02  7.67488023888502e-02
 4.85758075737765e-02  8.06130717485798e-02
 5.35679916138118e-02  8.44930071824512e-02
 5.88818211488708e-02  8.83696055542316e-02
 6.45001629027313e-02  9.22162103055227e-02
 7.04692046391145e-02  9.60558279244591e-02
 7.67740309924709e-02  9.98605898295591e-02
 8.34162127168367e-02  1.03616039660499e-01
 9.04290195190656e-02  1.07311857799167e-01
 9.77906533229447e-02  1.10931837685273e-01
 1.05536187198748e-01  1.14468507324757e-01
 1.13658760041779e-01  1.17888460542104e-01
 1.22161483318940e-01  1.21199747853474e-01
 1.31067498602735e-01  1.24369570854231e-01
 1.40354649921884e-01  1.27389727028852e-01
 1.50055110786138e-01  1.30242398665188e-01
 1.60148962661562e-01  1.32913406157624e-01
 1.70658187899640e-01  1.35390939325944e-01
 1.81574957422924e-01  1.37647122033375e-01
 1.92907571409635e-01  1.39669644336267e-01
 2.04657634577812e-01  1.41455414563355e-01
 2.16817353069424e-01  1.42981420782150e-01
 2.29396483963478e-01  1.44243970107432e-01
 2.42377800694080e-01  1.45245307327616e-01
 2.55773624268338e-01  1.45982888150774e-01
 2.69566785632899e-01  1.46437575264611e-01
 2.83765797226135e-01  1.46607211029101e-01
 2.98347982887804e-01  1.46496993349276e-01
 3.13318978785268e-01  1.46097166593454e-01
 3.28658461892810e-01  1.45412180119727e-01
 3.44364941645546e-01  1.44462799234921e-01
 3.60419773725681e-01  1.43230759930286e-01
 3.76811233766957e-01  1.41722774499018e-01
 3.93525251020729e-01  1.39957128909456e-01
 4.10538642553571e-01  1.37921752773775e-01
 4.27843232490823e-01  1.35638113950765e-01
 4.45406663468198e-01  1.33110708753560e-01
 4.63222254103030e-01  1.30361685858831e-01
 4.81251545655716e-01  1.27374090955311e-01
 4.99481026671737e-01  1.24187466579084e-01
 5.17879583085697e-01  1.20799369609504e-01
 5.36417631367010e-01  1.17249998633252e-01
 5.55075704909560e-01  1.13562824174040e-01
 5.73808427242608e-01  1.09724254948128e-01
 5.92596731105059e-01  1.05761215138910e-01
 6.11401377553511e-01  1.01692427047770e-01
 6.30186430605241e-01  9.75272219981986e-02
 6.48926781663159e-01  9.32901900819263e-02
 6.67570206424973e-01  8.89926200898698e-02
 6.86088429590952e-01  8.46450642166855e-02
 7.04445389043917e-01  8.02854104981602e-02
 7.22592093722966e-01  7.59083311427570e-02
 7.40501800453524e-01  7.15438447848225e-02
 7.58125457122835e-01  6.72185439223796e-02
 7.75421014376153e-01  6.29508075780751e-02
 7.92362373587600e-01  5.87592537853166e-02
 8.08894546151696e-01  5.46630987902772e-02
 8.24974633014891e-01  5.06656888416867e-02
 8.40576952273409e-01  4.67982173984286e-02
 8.55652758808818e-01  4.30689963591159e-02
 8.70162898882712e-01  3.95000488142533e-02
 8.84085033071272e-01  3.60979513173541e-02
 8.97361214262371e-01  3.28723147668874e-02
 9.09954680076662e-01  2.98368159448182e-02
 9.21851471402547e-01  2.69949615478021e-02
 9.33012836658427e-01  2.43632204850386e-02
 9.43389278969050e-01  2.19356723207159e-02
 9.52973153850560e-01  1.97003918754665e-02
 9.61743130827061e-01  1.76571412712242e-02
 9.69640690675464e-01  1.58193388090701e-02
 9.76664215898664e-01  1.41869525299200e-02
 9.82815077112014e-01  1.27591457126100e-02
 9.88028440045103e-01  1.15503693938492e-02
 9.92304836603751e-01  1.05598751556313e-02
 9.95693518775914e-01  9.77569315894989e-03
 9.98120489340015e-01  9.21445973826222e-03
 9.99443037908705e-01  8.90876573698434e-03
 1.00000000000000e+00  8.78006025404641e-03
