                   201   NumCoords   ! The number of coordinates in the airfoil shape file (including an extra coordinate for airfoil reference).  Set to zero if coordinates not included.
! ......... x-y coordinates are next if NumCoords > 0 .............
! x-y coordinate of airfoil reference
!  x/c        y/c
 0.266688       0
! coordinates of airfoil shape
! interpolation to 200 points
!  x/c        y/c
 1.00000000000000e+00 -2.60262720464987e-03
 9.99429683992583e-01 -2.55501803868145e-03
 9.98063017832965e-01 -2.44124877435810e-03
 9.95573914266674e-01 -2.23517689536172e-03
 9.92086309749559e-01 -1.94884270849405e-03
 9.87686148675057e-01 -1.59143979201616e-03
 9.82330525170640e-01 -1.16194329485584e-03
 9.76011908335692e-01 -6.62513668747441e-04
 9.68787467298381e-01 -1.00398104376995e-04
 9.60674860259240e-01  5.20604449922140e-04
 9.51675358763677e-01  1.19839741807586e-03
 9.41827652746244e-01  1.92876310439747e-03
 9.31175295355131e-01  2.68731152034601e-03
 9.19730397431178e-01  3.26219097815275e-03
 9.07524559194720e-01  3.58358835578098e-03
 8.94610408070308e-01  3.60064480511728e-03
 8.81009696499435e-01  3.25801665774284e-03
 8.66747905197194e-01  2.50427633895953e-03
 8.51890258171205e-01  1.33705837602458e-03
 8.36469462621421e-01 -2.62860463057849e-04
 8.20513485943698e-01 -2.33678648445061e-03
 8.04073832217581e-01 -4.92878667941471e-03
 7.87191529885653e-01 -8.08061424196968e-03
 7.69897919101553e-01 -1.18369711116414e-02
 7.52252341235159e-01 -1.62069479665078e-02
 7.34291349178558e-01 -2.11167028128702e-02
 7.16044924955764e-01 -2.65344222023064e-02
 6.97571640033109e-01 -3.24007435303230e-02
 6.78906186433687e-01 -3.86487910127052e-02
 6.60080312620540e-01 -4.52251599725226e-02
 6.41147517137212e-01 -5.20408004790122e-02
 6.22137650968852e-01 -5.89732320729773e-02
 6.03087998194415e-01 -6.59341186900401e-02
 5.84045042118975e-01 -7.28122912334916e-02
 5.65030897687003e-01 -7.95696600542005e-02
 5.46088602779599e-01 -8.60696506438037e-02
 5.27248673916899e-01 -9.22639574101002e-02
 5.08535950506088e-01 -9.80841152666162e-02
 4.89992355470388e-01 -1.03503551896036e-01
 4.71632114506831e-01 -1.08472323991268e-01
 4.53492503744348e-01 -1.12974907458106e-01
 4.35593302897673e-01 -1.16980557451848e-01
 4.17956065616942e-01 -1.20524641404598e-01
 4.00609748442576e-01 -1.23526297497706e-01
 3.83560931606009e-01 -1.26132140292015e-01
 3.66843215733716e-01 -1.28236055976686e-01
 3.50457316320503e-01 -1.29913338630635e-01
 3.34434484008630e-01 -1.31149402457556e-01
 3.18774100329315e-01 -1.31925348820262e-01
 3.03499623121295e-01 -1.32356081790381e-01
 2.88611293565648e-01 -1.32405458307496e-01
 2.74124386665666e-01 -1.32128186782786e-01
 2.60041455523719e-01 -1.31441592533193e-01
 2.46374872015918e-01 -1.30501678734835e-01
 2.33123443938833e-01 -1.29247793815362e-01
 2.20293777810423e-01 -1.27704324418189e-01
 2.07883282965331e-01 -1.25889838620331e-01
 1.95902956391646e-01 -1.23836533888534e-01
 1.84341253066628e-01 -1.21569487660393e-01
 1.73213930954161e-01 -1.19107585310477e-01
 1.62499176129638e-01 -1.16425261529867e-01
 1.52214602777259e-01 -1.13555237649396e-01
 1.42331759398971e-01 -1.10545444351802e-01
 1.32872111539190e-01 -1.07416182422715e-01
 1.23806439629760e-01 -1.04164428358355e-01
 1.15147623386077e-01 -1.00829775591321e-01
 1.06887208802748e-01 -9.73968178313994e-02
 9.90071115215634e-02 -9.39026793557635e-02
 9.15234043853440e-02 -9.03752971252828e-02
 8.43970428172224e-02 -8.68087922795094e-02
 7.76464790199521e-02 -8.32250371152270e-02
 7.12479082120208e-02 -7.96426259470609e-02
 6.51878662973747e-02 -7.60616216954585e-02
 5.94874721274203e-02 -7.25036010313988e-02
 5.41002464180900e-02 -6.89707615526416e-02
 4.90378786701877e-02 -6.54829446748262e-02
 4.43003497573340e-02 -6.20483882124487e-02
 3.98423597346805e-02 -5.86494362204290e-02
 3.56899752436130e-02 -5.53164614384195e-02
 3.18292350050659e-02 -5.20549113466189e-02
 2.82200072057900e-02 -4.88371024768507e-02
 2.48925247792698e-02 -4.57054919545451e-02
 2.18286683030035e-02 -4.26498412837352e-02
 1.89846947131332e-02 -3.96498415461954e-02
 1.63921917020335e-02 -3.67547407277299e-02
 1.40446346341990e-02 -3.39142946192747e-02
 1.18798249846349e-02 -3.10925250222144e-02
 9.93094518736226e-03 -2.83674888985552e-02
 8.21940795734749e-03 -2.57183875278561e-02
 6.65838622137879e-03 -2.30496944968998e-02
 5.26774192850643e-03 -2.06334132960998e-02
 4.09515753852961e-03 -1.83491568045176e-02
 3.09878859713642e-03 -1.60830839895337e-02
 2.19660773551101e-03 -1.37493275803172e-02
 1.46264176301869e-03 -1.11408001109165e-02
 9.64484608297922e-04 -8.52231762407298e-03
 5.99373867982851e-04 -5.81539291884073e-03
 2.90086645599082e-04 -2.81701938280785e-03
 7.80707788302466e-05 -6.04402364566370e-04
 0.00000000000000e+00  0.00000000000000e+00
 7.80412061165972e-05  6.40843295846490e-04
 2.89878724192004e-04  2.66162173465134e-03
 5.98775316682048e-04  6.11352349165803e-03
 9.63326351634835e-04  9.36868656996225e-03
 1.45966821282819e-03  1.23614057463443e-02
 2.19097636449990e-03  1.52090759160516e-02
 3.08997841959778e-03  1.79769510445262e-02
 4.08271112470316e-03  2.06010153754074e-02
 5.24853124383664e-03  2.33566945787792e-02
 6.63128223001261e-03  2.63175826096385e-02
 8.18368429859057e-03  2.92478916868715e-02
 9.88361416849065e-03  3.21387624194158e-02
 1.18176401547236e-02  3.52068336950748e-02
 1.39661993216830e-02  3.83401103354615e-02
 1.62951420791042e-02  4.14641655016561e-02
 1.88631937781153e-02  4.46882716309950e-02
 2.16807137532775e-02  4.79740036958785e-02
 2.47159162958630e-02  5.12731795200411e-02
 2.80064400105864e-02  5.46079747377379e-02
 3.15762558914965e-02  5.79884936765264e-02
 3.53948396168776e-02  6.14002159123398e-02
 3.94949825480075e-02  6.48439324674176e-02
 4.38979282781582e-02  6.83286380329712e-02
 4.85758075737765e-02  7.18132858451660e-02
 5.35679916138118e-02  7.53153821121312e-02
 5.88818211488708e-02  7.88223162208233e-02
 6.45001629027313e-02  8.23171244132909e-02
 7.04692046391145e-02  8.58120669018140e-02
 7.67740309924709e-02  8.92823739453521e-02
 8.34162127168367e-02  9.27159368788803e-02
 9.04290195190656e-02  9.61098653118329e-02
 9.77906533229447e-02  9.94483375547095e-02
 1.05536187198748e-01  1.02726351445943e-01
 1.13658760041779e-01  1.05887564860797e-01
 1.22161483318940e-01  1.09010949206093e-01
 1.31067498602735e-01  1.11968408647154e-01
 1.40354649921884e-01  1.14818478579440e-01
 1.50055110786138e-01  1.17515510676270e-01
 1.60148962661562e-01  1.20057268986988e-01
 1.70658187899640e-01  1.22495921380800e-01
 1.81574957422924e-01  1.24685065809764e-01
 1.92907571409635e-01  1.26687600324268e-01
 2.04657634577812e-01  1.28491043382559e-01
 2.16817353069424e-01  1.30047393322448e-01
 2.29396483963478e-01  1.31335733134710e-01
 2.42377800694080e-01  1.32397800883101e-01
 2.55773624268338e-01  1.33263632510267e-01
 2.69566785632899e-01  1.33806579314732e-01
 2.83765797226135e-01  1.34161860653735e-01
 2.98347982887804e-01  1.34138714198535e-01
 3.13318978785268e-01  1.33960702158086e-01
 3.28658461892810e-01  1.33422688484275e-01
 3.44364941645546e-01  1.32687353099058e-01
 3.60419773725681e-01  1.31629544997536e-01
 3.76811233766957e-01  1.30299154587476e-01
 3.93525251020729e-01  1.28713809198442e-01
 4.10538642553571e-01  1.26924580092228e-01
 4.27843232490823e-01  1.24846974436884e-01
 4.45406663468198e-01  1.22523506069219e-01
 4.63222254103030e-01  1.20043545496898e-01
 4.81251545655716e-01  1.17295089373410e-01
 4.99481026671737e-01  1.14358132910270e-01
 5.17879583085697e-01  1.11196566707532e-01
 5.36417631367010e-01  1.07862655337092e-01
 5.55075704909560e-01  1.04440957886427e-01
 5.73808427242608e-01  1.00821325824859e-01
 5.92596731105059e-01  9.70984727783458e-02
 6.11401377553511e-01  9.32522887086983e-02
 6.30186430605241e-01  8.93134904835132e-02
 6.48926781663159e-01  8.53037435496781e-02
 6.67570206424973e-01  8.12376477893457e-02
 6.86088429590952e-01  7.71360933778800e-02
 7.04445389043917e-01  7.30306220013486e-02
 7.22592093722966e-01  6.89126151224110e-02
 7.40501800453524e-01  6.48147195868749e-02
 7.58125457122835e-01  6.07625503328146e-02
 7.75421014376153e-01  5.67906399644154e-02
 7.92362373587600e-01  5.28729831682870e-02
 8.08894546151696e-01  4.90649072258911e-02
 8.24974633014891e-01  4.53641809851670e-02
 8.40576952273409e-01  4.17707074024678e-02
 8.55652758808818e-01  3.83273291084294e-02
 8.70162898882712e-01  3.50138363803730e-02
 8.84085033071272e-01  3.18646159576511e-02
 8.97361214262371e-01  2.88866590757317e-02
 9.09954680076662e-01  2.60849828635431e-02
 9.21851471402547e-01  2.34470006977039e-02
 9.33012836658427e-01  2.10002102361956e-02
 9.43389278969050e-01  1.87423083614049e-02
 9.52973153850560e-01  1.66573802686412e-02
 9.61743130827061e-01  1.47496776418333e-02
 9.69640690675464e-01  1.30319134200351e-02
 9.76664215898664e-01  1.15044085562773e-02
 9.82815077112014e-01  1.01668259755438e-02
 9.88028440045103e-01  9.03321974035316e-03
 9.92304836603751e-01  8.10342732453596e-03
 9.95693518775914e-01  7.36669803378570e-03
 9.98120489340015e-01  6.83908300821136e-03
 9.99443037908705e-01  6.55157624819660e-03
 1.00000000000000e+00  6.43050143629497e-03
