                   201   NumCoords   ! The number of coordinates in the airfoil shape file (including an extra coordinate for airfoil reference).  Set to zero if coordinates not included.
! ......... x-y coordinates are next if NumCoords > 0 .............
! x-y coordinate of airfoil reference
!  x/c        y/c
 0.254641       0
! coordinates of airfoil shape
! interpolation to 200 points
!  x/c        y/c
 1.00000000000000e+00 -6.09834970435043e-04
 9.99429683992583e-01 -5.84457393049402e-04
 9.98063017832965e-01 -5.22812317156307e-04
 9.95573914266674e-01 -4.07581311940952e-04
 9.92086309749559e-01 -2.39916763253854e-04
 9.87686148675057e-01 -1.85462359662312e-05
 9.82330525170640e-01  2.64733547418826e-04
 9.76011908335692e-01  6.16834760499497e-04
 9.68787467298381e-01  1.04055404044785e-03
 9.60674860259240e-01  1.53948964193331e-03
 9.51675358763677e-01  2.11636100828645e-03
 9.41827652746244e-01  2.76880899675471e-03
 9.31175295355131e-01  3.56095536030656e-03
 9.19730397431178e-01  4.19387684141328e-03
 9.07524559194720e-01  4.59384184864222e-03
 8.94610408070308e-01  4.69484607386267e-03
 8.81009696499435e-01  4.46984045805130e-03
 8.66747905197194e-01  3.85622401603045e-03
 8.51890258171205e-01  2.85808433432746e-03
 8.36469462621421e-01  1.45197744898831e-03
 8.20513485943698e-01 -4.02489671510572e-04
 8.04073832217581e-01 -2.75438381812968e-03
 7.87191529885653e-01 -5.65224041440672e-03
 7.69897919101553e-01 -9.13112158390308e-03
 7.52252341235159e-01 -1.32141493799500e-02
 7.34291349178558e-01 -1.78363202525450e-02
 7.16044924955764e-01 -2.29675537101853e-02
 6.97571640033109e-01 -2.85424066602425e-02
 6.78906186433687e-01 -3.44969833949006e-02
 6.60080312620540e-01 -4.07874021045734e-02
 6.41147517137212e-01 -4.73328893408188e-02
 6.22137650968852e-01 -5.40007122261308e-02
 6.03087998194415e-01 -6.07057663314165e-02
 5.84045042118975e-01 -6.73408076566548e-02
 5.65030897687003e-01 -7.38805694286958e-02
 5.46088602779599e-01 -8.01700607463804e-02
 5.27248673916899e-01 -8.61737093038591e-02
 5.08535950506088e-01 -9.18146936297930e-02
 4.89992355470388e-01 -9.70708583513188e-02
 4.71632114506831e-01 -1.01884298803755e-01
 4.53492503744348e-01 -1.06244286751305e-01
 4.35593302897673e-01 -1.10107487912499e-01
 4.17956065616942e-01 -1.13517407119090e-01
 4.00609748442576e-01 -1.16367422882538e-01
 3.83560931606009e-01 -1.18859616404024e-01
 3.66843215733716e-01 -1.20840365722681e-01
 3.50457316320503e-01 -1.22414929601776e-01
 3.34434484008630e-01 -1.23554987437630e-01
 3.18774100329315e-01 -1.24232673191550e-01
 3.03499623121295e-01 -1.24589344511909e-01
 2.88611293565648e-01 -1.24580069150804e-01
 2.74124386665666e-01 -1.24262042314303e-01
 2.60041455523719e-01 -1.23533141307704e-01
 2.46374872015918e-01 -1.22581188015389e-01
 2.33123443938833e-01 -1.21326069834341e-01
 2.20293777810423e-01 -1.19795334954507e-01
 2.07883282965331e-01 -1.18005095633054e-01
 1.95902956391646e-01 -1.15993991701920e-01
 1.84341253066628e-01 -1.13789802738728e-01
 1.73213930954161e-01 -1.11409111192606e-01
 1.62499176129638e-01 -1.08818613873918e-01
 1.52214602777259e-01 -1.06049651853007e-01
 1.42331759398971e-01 -1.03157795977554e-01
 1.32872111539190e-01 -1.00165201306530e-01
 1.23806439629760e-01 -9.70637730413243e-02
 1.15147623386077e-01 -9.38933939882860e-02
 1.06887208802748e-01 -9.06303328584111e-02
 9.90071115215634e-02 -8.73201497660419e-02
 9.15234043853440e-02 -8.39851343612757e-02
 8.43970428172224e-02 -8.06179692937588e-02
 7.76464790199521e-02 -7.72390403186740e-02
 7.12479082120208e-02 -7.38658333020331e-02
 6.51878662973747e-02 -7.04990054424274e-02
 5.94874721274203e-02 -6.71568757032556e-02
 5.41002464180900e-02 -6.38421156437143e-02
 4.90378786701877e-02 -6.05765779193075e-02
 4.43003497573340e-02 -5.73669161499716e-02
 3.98423597346805e-02 -5.41957315039713e-02
 3.56899752436130e-02 -5.10882154610073e-02
 3.18292350050659e-02 -4.80507397993466e-02
 2.82200072057900e-02 -4.50531342700458e-02
 2.48925247792698e-02 -4.21423211646984e-02
 2.18286683030035e-02 -3.93017934936567e-02
 1.89846947131332e-02 -3.65232719367984e-02
 1.63921917020335e-02 -3.38461889469660e-02
 1.40446346341990e-02 -3.12159145883560e-02
 1.18798249846349e-02 -2.86051700560019e-02
 9.93094518736226e-03 -2.60847720718926e-02
 8.21940795734749e-03 -2.36372624873143e-02
 6.65838622137879e-03 -2.11668614140898e-02
 5.26774192850643e-03 -1.89936194391490e-02
 4.09515753852961e-03 -1.69492228620114e-02
 3.09878859713642e-03 -1.48509013350259e-02
 2.19660773551101e-03 -1.25750154019794e-02
 1.46264176301869e-03 -1.00039887836098e-02
 9.64484608297922e-04 -7.31852202297234e-03
 5.99373867982851e-04 -4.81964068924856e-03
 2.90086645599082e-04 -2.33922820204542e-03
 7.80707788302466e-05 -5.24768679851391e-04
 0.00000000000000e+00  0.00000000000000e+00
 7.80412061165972e-05  5.48950206054427e-04
 2.89878724192004e-04  2.26562724487673e-03
 5.98775316682048e-04  5.29636825170010e-03
 9.63326351634835e-04  8.47684286381921e-03
 1.45966821282819e-03  1.15421067985907e-02
 2.19097636449990e-03  1.43431221266766e-02
 3.08997841959778e-03  1.70994187852329e-02
 4.08271112470316e-03  1.95991383399628e-02
 5.24853124383664e-03  2.22259404238623e-02
 6.63128223001261e-03  2.50713244626862e-02
 8.18368429859057e-03  2.78499926853504e-02
 9.88361416849065e-03  3.05882618434076e-02
 1.18176401547236e-02  3.35184433406593e-02
 1.39661993216830e-02  3.65034362684164e-02
 1.62951420791042e-02  3.94839891065496e-02
 1.88631937781153e-02  4.25670903136031e-02
 2.16807137532775e-02  4.57092790698156e-02
 2.47159162958630e-02  4.88655379558192e-02
 2.80064400105864e-02  5.20546504090609e-02
 3.15762558914965e-02  5.52884835631259e-02
 3.53948396168776e-02  5.85567360698532e-02
 3.94949825480075e-02  6.18579076808298e-02
 4.38979282781582e-02  6.52003830236047e-02
 4.85758075737765e-02  6.85442162887728e-02
 5.35679916138118e-02  7.19057396005999e-02
 5.88818211488708e-02  7.52759031424048e-02
 6.45001629027313e-02  7.86404663166501e-02
 7.04692046391145e-02  8.20075218538741e-02
 7.67740309924709e-02  8.53536598641802e-02
 8.34162127168367e-02  8.86677805585236e-02
 9.04290195190656e-02  9.19504624041992e-02
 9.77906533229447e-02  9.51845719358086e-02
 1.05536187198748e-01  9.83677205024839e-02
 1.13658760041779e-01  1.01438539928208e-01
 1.22161483318940e-01  1.04493991102504e-01
 1.31067498602735e-01  1.07380596986719e-01
 1.40354649921884e-01  1.10174269430061e-01
 1.50055110786138e-01  1.12824638402377e-01
 1.60148962661562e-01  1.15333243237126e-01
 1.70658187899640e-01  1.17763075111683e-01
 1.81574957422924e-01  1.19945625903708e-01
 1.92907571409635e-01  1.21958228173278e-01
 2.04657634577812e-01  1.23784740914501e-01
 2.16817353069424e-01  1.25372340934870e-01
 2.29396483963478e-01  1.26698649767643e-01
 2.42377800694080e-01  1.27807055652802e-01
 2.55773624268338e-01  1.28735528394341e-01
 2.69566785632899e-01  1.29330912052910e-01
 2.83765797226135e-01  1.29766394434580e-01
 2.98347982887804e-01  1.29799322132584e-01
 3.13318978785268e-01  1.29704301396987e-01
 3.28658461892810e-01  1.29230162620875e-01
 3.44364941645546e-01  1.28565752678448e-01
 3.60419773725681e-01  1.27569738045441e-01
 3.76811233766957e-01  1.26298078758649e-01
 3.93525251020729e-01  1.24767441291372e-01
 4.10538642553571e-01  1.23047677139278e-01
 4.27843232490823e-01  1.21031789013506e-01
 4.45406663468198e-01  1.18761902781873e-01
 4.63222254103030e-01  1.16354636304528e-01
 4.81251545655716e-01  1.13666915881347e-01
 4.99481026671737e-01  1.10793937123582e-01
 5.17879583085697e-01  1.07695210885987e-01
 5.36417631367010e-01  1.04415821871383e-01
 5.55075704909560e-01  1.01061482273805e-01
 5.73808427242608e-01  9.74975354700280e-02
 5.92596731105059e-01  9.38357822946188e-02
 6.11401377553511e-01  9.00457203375160e-02
 6.30186430605241e-01  8.61629931263044e-02
 6.48926781663159e-01  8.22129334426579e-02
 6.67570206424973e-01  7.82099802785326e-02
 6.86088429590952e-01  7.41809011369296e-02
 7.04445389043917e-01  7.01506015366085e-02
 7.22592093722966e-01  6.61162470340727e-02
 7.40501800453524e-01  6.21057051237859e-02
 7.58125457122835e-01  5.81473277484788e-02
 7.75421014376153e-01  5.42797940262764e-02
 7.92362373587600e-01  5.04618114320770e-02
 8.08894546151696e-01  4.67605647346335e-02
 8.24974633014891e-01  4.31730263964285e-02
 8.40576952273409e-01  3.96862212041507e-02
 8.55652758808818e-01  3.63541765322255e-02
 8.70162898882712e-01  3.31412397534446e-02
 8.84085033071272e-01  3.00926579439057e-02
 8.97361214262371e-01  2.72127931452276e-02
 9.09954680076662e-01  2.45046268973245e-02
 9.21851471402547e-01  2.19492102869735e-02
 9.33012836658427e-01  1.95774926822061e-02
 9.43389278969050e-01  1.73878502877906e-02
 9.52973153850560e-01  1.53644611684864e-02
 9.61743130827061e-01  1.35125832185563e-02
 9.69640690675464e-01  1.18446057770122e-02
 9.76664215898664e-01  1.03609305863298e-02
 9.82815077112014e-01  9.06134398139046e-03
 9.88028440045103e-01  7.95963194817237e-03
 9.92304836603751e-01  7.05577319911860e-03
 9.95693518775914e-01  6.33943970411782e-03
 9.98120489340015e-01  5.82634468557964e-03
 9.99443037908705e-01  5.54671883426324e-03
 1.00000000000000e+00  5.42895611176063e-03
