                   201   NumCoords   ! The number of coordinates in the airfoil shape file (including an extra coordinate for airfoil reference).  Set to zero if coordinates not included.
! ......... x-y coordinates are next if NumCoords > 0 .............
! x-y coordinate of airfoil reference
!  x/c        y/c
 0.241000       0
! coordinates of airfoil shape
! interpolation to 200 points
!  x/c        y/c
 1.00000000000000e+00  3.40000000000000e-04
 9.99429683992583e-01  3.63383252523162e-04
 9.98063017832965e-01  4.20355026817176e-04
 9.95573914266674e-01  5.27449030706670e-04
 9.92086309749559e-01  6.84493385058934e-04
 9.87686148675057e-01  8.93689136796435e-04
 9.82330525170640e-01  1.16384731861423e-03
 9.76011908335692e-01  1.50261268548057e-03
 9.68787467298381e-01  1.91353901539538e-03
 9.60674860259240e-01  2.40066134151504e-03
 9.51675358763677e-01  2.96679544223918e-03
 9.41827652746244e-01  3.60929045182206e-03
 9.31175295355131e-01  4.40208216338788e-03
 9.19730397431178e-01  5.04874968838437e-03
 9.07524559194720e-01  5.47797192216599e-03
 8.94610408070308e-01  5.61957963108605e-03
 8.81009696499435e-01  5.46567548751113e-03
 8.66747905197194e-01  4.95452464072565e-03
 8.51890258171205e-01  4.09082049416106e-03
 8.36469462621421e-01  2.84417668918670e-03
 8.20513485943698e-01  1.18375102998237e-03
 8.04073832217581e-01 -9.36746519788804e-04
 7.87191529885653e-01 -3.56515475602163e-03
 7.69897919101553e-01 -6.73103639868611e-03
 7.52252341235159e-01 -1.04542832423174e-02
 7.34291349178558e-01 -1.46911758433107e-02
 7.16044924955764e-01 -1.94212444579706e-02
 6.97571640033109e-01 -2.45835587994444e-02
 6.78906186433687e-01 -3.01233863400755e-02
 6.60080312620540e-01 -3.60033191025422e-02
 6.41147517137212e-01 -4.21510533130160e-02
 6.22137650968852e-01 -4.84381231132333e-02
 6.03087998194415e-01 -5.47813830378726e-02
 5.84045042118975e-01 -6.10822710076304e-02
 5.65030897687003e-01 -6.73124935966194e-02
 5.46088602779599e-01 -7.33165009881762e-02
 5.27248673916899e-01 -7.90627181419515e-02
 5.08535950506088e-01 -8.44728051404566e-02
 4.89992355470388e-01 -8.95197864367163e-02
 4.71632114506831e-01 -9.41348686160690e-02
 4.53492503744348e-01 -9.83092255374521e-02
 4.35593302897673e-01 -1.01991240872731e-01
 4.17956065616942e-01 -1.05226567832148e-01
 4.00609748442576e-01 -1.07900907272977e-01
 3.83560931606009e-01 -1.10239435001456e-01
 3.66843215733716e-01 -1.12071167088425e-01
 3.50457316320503e-01 -1.13511946852394e-01
 3.34434484008630e-01 -1.14531417092149e-01
 3.18774100329315e-01 -1.15097589052306e-01
 3.03499623121295e-01 -1.15360000000000e-01
 2.88611293565648e-01 -1.15276586990510e-01
 2.74124386665666e-01 -1.14900171646609e-01
 2.60041455523719e-01 -1.14128847847918e-01
 2.46374872015918e-01 -1.13158284091228e-01
 2.33123443938833e-01 -1.11901451129861e-01
 2.20293777810423e-01 -1.10389160356025e-01
 2.07883282965331e-01 -1.08636508073301e-01
 1.95902956391646e-01 -1.06683174454160e-01
 1.84341253066628e-01 -1.04556848587802e-01
 1.73213930954161e-01 -1.02273938468587e-01
 1.62499176129638e-01 -9.98008744234280e-02
 1.52214602777259e-01 -9.71648944281043e-02
 1.42331759398971e-01 -9.44249086237616e-02
 1.32872111539190e-01 -9.16039577195570e-02
 1.23806439629760e-01 -8.86901867687227e-02
 1.15147623386077e-01 -8.57225139236930e-02
 1.06887208802748e-01 -8.26732110774709e-02
 9.90071115215634e-02 -7.95904179543545e-02
 9.15234043853440e-02 -7.64920819632557e-02
 8.43970428172224e-02 -7.33704709050950e-02
 7.76464790199521e-02 -7.02441092391981e-02
 7.12479082120208e-02 -6.71283671595117e-02
 6.51878662973747e-02 -6.40249062890107e-02
 5.94874721274203e-02 -6.09500095354587e-02
 5.41002464180900e-02 -5.79043089800602e-02
 4.90378786701877e-02 -5.49088592878789e-02
 4.43003497573340e-02 -5.19696117044212e-02
 3.98423597346805e-02 -4.90703353171191e-02
 3.56899752436130e-02 -4.62315149407378e-02
 3.18292350050659e-02 -4.34599489038698e-02
 2.82200072057900e-02 -4.07256838329659e-02
 2.48925247792698e-02 -3.80746999338060e-02
 2.18286683030035e-02 -3.54905759458077e-02
 1.89846947131332e-02 -3.29685691882320e-02
 1.63921917020335e-02 -3.05397443557358e-02
 1.40446346341990e-02 -2.81598710424779e-02
 1.18798249846349e-02 -2.57991438600767e-02
 9.93094518736226e-03 -2.35141421606568e-02
 8.21940795734749e-03 -2.13065360381816e-02
 6.65838622137879e-03 -1.90964217897460e-02
 5.26774192850643e-03 -1.71669344027696e-02
 4.09515753852961e-03 -1.53436590639504e-02
 3.09878859713642e-03 -1.34221226649775e-02
 2.19660773551101e-03 -1.12291586581762e-02
 1.46264176301869e-03 -8.70563495217762e-03
 9.64484608297922e-04 -6.05713146972223e-03
 5.99373867982851e-04 -3.81821921295813e-03
 2.90086645599082e-04 -1.84124628294907e-03
 7.80707788302466e-05 -4.90179598854717e-04
 0.00000000000000e+00  0.00000000000000e+00
 7.80412061165972e-05  5.06573537162394e-04
 2.89878724192004e-04  2.04452619994152e-03
 5.98775316682048e-04  4.53721128352856e-03
 9.63326351634835e-04  7.46215265607760e-03
 1.45966821282819e-03  1.04985952825634e-02
 2.19097636449990e-03  1.32707591145066e-02
 3.08997841959778e-03  1.59510041947401e-02
 4.08271112470316e-03  1.83045118792067e-02
 5.24853124383664e-03  2.07610720220691e-02
 6.63128223001261e-03  2.34294724199985e-02
 8.18368429859057e-03  2.60379379813419e-02
 9.88361416849065e-03  2.86109008104352e-02
 1.18176401547236e-02  3.13718694701261e-02
 1.39661993216830e-02  3.41846288736227e-02
 1.62951420791042e-02  3.70023336668525e-02
 1.88631937781153e-02  3.99191391997176e-02
 2.16807137532775e-02  4.28962457169302e-02
 2.47159162958630e-02  4.58905097817389e-02
 2.80064400105864e-02  4.89184488800595e-02
 3.15762558914965e-02  5.19955705547145e-02
 3.53948396168776e-02  5.51094980057096e-02
 3.94949825480075e-02  5.82601241462321e-02
 4.38979282781582e-02  6.14539889991255e-02
 4.85758075737765e-02  6.46534426818031e-02
 5.35679916138118e-02  6.78734270988955e-02
 5.88818211488708e-02  7.11095350878788e-02
 6.45001629027313e-02  7.43478918972970e-02
 7.04692046391145e-02  7.75944310415471e-02
 7.67740309924709e-02  8.08267811739019e-02
 8.34162127168367e-02  8.40344974771726e-02
 9.04290195190656e-02  8.72208120141729e-02
 9.77906533229447e-02  9.03665302182342e-02
 1.05536187198748e-01  9.34739626835314e-02
 1.13658760041779e-01  9.64859279484668e-02
 1.22161483318940e-01  9.94905243118442e-02
 1.31067498602735e-01  1.02342319268799e-01
 1.40354649921884e-01  1.05110268835629e-01
 1.50055110786138e-01  1.07755035333451e-01
 1.60148962661562e-01  1.10279235993188e-01
 1.70658187899640e-01  1.12719885535463e-01
 1.81574957422924e-01  1.14948639662526e-01
 1.92907571409635e-01  1.17018152578643e-01
 2.04657634577812e-01  1.18910374603889e-01
 2.16817353069424e-01  1.20579778868813e-01
 2.29396483963478e-01  1.22014681450241e-01
 2.42377800694080e-01  1.23228150886764e-01
 2.55773624268338e-01  1.24252256027714e-01
 2.69566785632899e-01  1.24951318262465e-01
 2.83765797226135e-01  1.25487425266657e-01
 2.98347982887804e-01  1.25640000000000e-01
 3.13318978785268e-01  1.25625165491551e-01
 3.28658461892810e-01  1.25243846709587e-01
 3.44364941645546e-01  1.24636172798570e-01
 3.60419773725681e-01  1.23706799649992e-01
 3.76811233766957e-01  1.22491706650311e-01
 3.93525251020729e-01  1.21005697746382e-01
 4.10538642553571e-01  1.19317705147226e-01
 4.27843232490823e-01  1.17348749741266e-01
 4.45406663468198e-01  1.15105039348333e-01
 4.63222254103030e-01  1.12724739027845e-01
 4.81251545655716e-01  1.10055689596218e-01
 4.99481026671737e-01  1.07203427431357e-01
 5.17879583085697e-01  1.04143483031512e-01
 5.36417631367010e-01  1.00889618650156e-01
 5.55075704909560e-01  9.75551928105954e-02
 5.73808427242608e-01  9.40185569938738e-02
 5.92596731105059e-01  9.03810894132244e-02
 6.11401377553511e-01  8.66160159906670e-02
 6.30186430605241e-01  8.27543857944698e-02
 6.48926781663159e-01  7.88349695963507e-02
 6.67570206424973e-01  7.48669247807134e-02
 6.86088429590952e-01  7.08855217665017e-02
 7.04445389043917e-01  6.69030744447462e-02
 7.22592093722966e-01  6.29340783393525e-02
 7.40501800453524e-01  5.89923562143006e-02
 7.58125457122835e-01  5.51137851203808e-02
 7.75421014376153e-01  5.13356317475880e-02
 7.92362373587600e-01  4.76126732475477e-02
 8.08894546151696e-01  4.40135348057180e-02
 8.24974633014891e-01  4.05371118620058e-02
 8.40576952273409e-01  3.71625485600996e-02
 8.55652758808818e-01  3.39444257675392e-02
 8.70162898882712e-01  3.08404112089912e-02
 8.84085033071272e-01  2.79030872856187e-02
 8.97361214262371e-01  2.51304980788917e-02
 9.09954680076662e-01  2.25273477984140e-02
 9.21851471402547e-01  2.00696137124708e-02
 9.33012836658427e-01  1.77895225471217e-02
 9.43389278969050e-01  1.56845235147647e-02
 9.52973153850560e-01  1.37441571690428e-02
 9.61743130827061e-01  1.19698147046217e-02
 9.69640690675464e-01  1.03732132934731e-02
 9.76664215898664e-01  8.95444941807885e-03
 9.82815077112014e-01  7.71295420457195e-03
 9.88028440045103e-01  6.66147658021374e-03
 9.92304836603751e-01  5.79955747970180e-03
 9.95693518775914e-01  5.11695376074888e-03
 9.98120489340015e-01  4.62829692235441e-03
 9.99443037908705e-01  4.36208989177525e-03
 1.00000000000000e+00  4.25000000000000e-03
