                   201   NumCoords   ! The number of coordinates in the airfoil shape file (including an extra coordinate for airfoil reference).  Set to zero if coordinates not included.
! ......... x-y coordinates are next if NumCoords > 0 .............
! x-y coordinate of airfoil reference
!  x/c        y/c
 0.257351       0
! coordinates of airfoil shape
! interpolation to 200 points
!  x/c        y/c
 1.00000000000000e+00 -9.85803660400782e-04
 9.99429683992583e-01 -9.56709744950393e-04
 9.98063017832965e-01 -8.86363121534382e-04
 9.95573914266674e-01 -7.56007381927896e-04
 9.92086309749559e-01 -5.68662965224085e-04
 9.87686148675057e-01 -3.24842396536790e-04
 9.82330525170640e-01 -1.75530391234672e-05
 9.76011908335692e-01  3.58650617174258e-04
 9.68787467298381e-01  8.05036226111552e-04
 9.60674860259240e-01  1.32424141752337e-03
 9.51675358763677e-01  1.91862527645044e-03
 9.41827652746244e-01  2.58616860512987e-03
 9.31175295355131e-01  3.37291719179466e-03
 9.19730397431178e-01  3.99573565178254e-03
 9.07524559194720e-01  4.38139382022091e-03
 8.94610408070308e-01  4.46666429600560e-03
 8.81009696499435e-01  4.21871555824203e-03
 8.66747905197194e-01  3.57675568279939e-03
 8.51890258171205e-01  2.54378326871388e-03
 8.36469462621421e-01  1.09746153167551e-03
 8.20513485943698e-01 -8.03328062444533e-04
 8.04073832217581e-01 -3.20702461159639e-03
 7.87191529885653e-01 -6.16111107615618e-03
 7.69897919101553e-01 -9.70259121439747e-03
 7.52252341235159e-01 -1.38524600532041e-02
 7.34291349178558e-01 -1.85430109754330e-02
 7.16044924955764e-01 -2.37433534764119e-02
 6.97571640033109e-01 -2.93888194016813e-02
 6.78906186433687e-01 -3.54145013636200e-02
 6.60080312620540e-01 -4.17746167126523e-02
 6.41147517137212e-01 -4.83865497670036e-02
 6.22137650968852e-01 -5.51190079626187e-02
 6.03087998194415e-01 -6.18862423474573e-02
 5.84045042118975e-01 -6.85798578037771e-02
 5.65030897687003e-01 -7.51726420510679e-02
 5.46088602779599e-01 -8.15126381885923e-02
 5.27248673916899e-01 -8.75619465138945e-02
 5.08535950506088e-01 -9.32451879422604e-02
 4.89992355470388e-01 -9.85397534497089e-02
 4.71632114506831e-01 -1.03389659015835e-01
 4.53492503744348e-01 -1.07783283170178e-01
 4.35593302897673e-01 -1.11679849251365e-01
 4.17956065616942e-01 -1.15121445679584e-01
 4.00609748442576e-01 -1.18006102146607e-01
 3.83560931606009e-01 -1.20525470552415e-01
 3.66843215733716e-01 -1.22534714369106e-01
 3.50457316320503e-01 -1.24133557135832e-01
 3.34434484008630e-01 -1.25296054595365e-01
 3.18774100329315e-01 -1.25996036509246e-01
 3.03499623121295e-01 -1.26370070666428e-01
 2.88611293565648e-01 -1.26374480517630e-01
 2.74124386665666e-01 -1.26066343115144e-01
 2.60041455523719e-01 -1.25346650274639e-01
 2.46374872015918e-01 -1.24397614926476e-01
 2.33123443938833e-01 -1.23142682413899e-01
 2.20293777810423e-01 -1.21608693900014e-01
 2.07883282965331e-01 -1.19812225662922e-01
 1.95902956391646e-01 -1.17790791431198e-01
 1.84341253066628e-01 -1.15571736123964e-01
 1.73213930954161e-01 -1.13172033173545e-01
 1.62499176129638e-01 -1.10559641046364e-01
 1.52214602777259e-01 -1.07766390265535e-01
 1.42331759398971e-01 -1.04846419149462e-01
 1.32872111539190e-01 -1.01821521074835e-01
 1.23806439629760e-01 -9.86846549945022e-02
 1.15147623386077e-01 -9.54757199164004e-02
 1.06887208802748e-01 -9.21725661831952e-02
 9.90071115215634e-02 -8.88192407380805e-02
 9.15234043853440e-02 -8.54392173042790e-02
 8.43970428172224e-02 -8.20254445364145e-02
 7.76464790199521e-02 -7.85986597504697e-02
 7.12479082120208e-02 -7.51766597570981e-02
 6.51878662973747e-02 -7.17599461361955e-02
 5.94874721274203e-02 -6.83674838048220e-02
 5.41002464180900e-02 -6.50019885066148e-02
 4.90378786701877e-02 -6.16850211259868e-02
 4.43003497573340e-02 -5.84235289978584e-02
 3.98423597346805e-02 -5.52000017425734e-02
 3.56899752436130e-02 -5.20407470246874e-02
 3.18292350050659e-02 -4.89519652916363e-02
 2.82200072057900e-02 -4.59038869110407e-02
 2.48925247792698e-02 -4.29427514481360e-02
 2.18286683030035e-02 -4.00530717283213e-02
 1.89846947131332e-02 -3.72244139852579e-02
 1.63921917020335e-02 -3.44982684793685e-02
 1.40446346341990e-02 -3.18200720701444e-02
 1.18798249846349e-02 -2.91613022425772e-02
 9.93094518736226e-03 -2.65947558154673e-02
 8.21940795734749e-03 -2.41012906992516e-02
 6.65838622137879e-03 -2.15843902669429e-02
 5.26774192850643e-03 -1.93584252063996e-02
 4.09515753852961e-03 -1.72632113294838e-02
 3.09878859713642e-03 -1.51285921281495e-02
 2.19660773551101e-03 -1.28402426177892e-02
 1.46264176301869e-03 -1.02620474271863e-02
 9.64484608297922e-04 -7.58717836896548e-03
 5.99373867982851e-04 -5.04016908906159e-03
 2.90086645599082e-04 -2.44587001723702e-03
 7.80707788302466e-05 -5.39103544735086e-04
 0.00000000000000e+00  0.00000000000000e+00
 7.80412061165972e-05  5.65995935364644e-04
 2.89878724192004e-04  2.34211663236768e-03
 5.98775316682048e-04  5.47263149387456e-03
 9.63326351634835e-04  8.67950026264332e-03
 1.45966821282819e-03  1.17337072493006e-02
 2.19097636449990e-03  1.45429008535453e-02
 3.08997841959778e-03  1.73039594049409e-02
 4.08271112470316e-03  1.98311088307330e-02
 5.24853124383664e-03  2.24877466749130e-02
 6.63128223001261e-03  2.53613228439893e-02
 8.18368429859057e-03  2.81737218550280e-02
 9.88361416849065e-03  3.09456659461602e-02
 1.18176401547236e-02  3.39073471220089e-02
 1.39661993216830e-02  3.69256940305044e-02
 1.62951420791042e-02  3.99382803037851e-02
 1.88631937781153e-02  4.30532067759185e-02
 2.16807137532775e-02  4.62275730182125e-02
 2.47159162958630e-02  4.94157515771440e-02
 2.80064400105864e-02  5.26371930197989e-02
 3.15762558914965e-02  5.59032723966498e-02
 3.53948396168776e-02  5.92031383487378e-02
 3.94949825480075e-02  6.25355746751548e-02
 4.38979282781582e-02  6.59091683693248e-02
 4.85758075737765e-02  6.92836725758812e-02
 5.35679916138118e-02  7.26756897264536e-02
 5.88818211488708e-02  7.60753241841351e-02
 6.45001629027313e-02  7.94678798968723e-02
 7.04692046391145e-02  8.28622531482793e-02
 7.67740309924709e-02  8.62347523740589e-02
 8.34162127168367e-02  8.95740749723598e-02
 9.04290195190656e-02  9.28800777055323e-02
 9.77906533229447e-02  9.61359735306291e-02
 1.05536187198748e-01  9.93386736614739e-02
 1.13658760041779e-01  1.02427372567744e-01
 1.22161483318940e-01  1.05496637280473e-01
 1.31067498602735e-01  1.08396624048019e-01
 1.40354649921884e-01  1.11200840062825e-01
 1.50055110786138e-01  1.13859044734122e-01
 1.60148962661562e-01  1.16372107735099e-01
 1.70658187899640e-01  1.18802759550714e-01
 1.81574957422924e-01  1.20983753898931e-01
 1.92907571409635e-01  1.22991507337356e-01
 2.04657634577812e-01  1.24810585390920e-01
 2.16817353069424e-01  1.26388519685536e-01
 2.29396483963478e-01  1.27702549053558e-01
 2.42377800694080e-01  1.28797543826399e-01
 2.55773624268338e-01  1.29710527195282e-01
 2.69566785632899e-01  1.30291627716741e-01
 2.83765797226135e-01  1.30708518478505e-01
 2.98347982887804e-01  1.30725681675797e-01
 3.13318978785268e-01  1.30612821422592e-01
 3.28658461892810e-01  1.30123227077925e-01
 3.44364941645546e-01  1.29444321558592e-01
 3.60419773725681e-01  1.28434728614566e-01
 3.76811233766957e-01  1.27150582034497e-01
 3.93525251020729e-01  1.25608814086451e-01
 4.10538642553571e-01  1.23876286789156e-01
 4.27843232490823e-01  1.21848031576938e-01
 4.45406663468198e-01  1.19568303282650e-01
 4.63222254103030e-01  1.17148070327923e-01
 4.81251545655716e-01  1.14449801338743e-01
 4.99481026671737e-01  1.11565643838908e-01
 5.17879583085697e-01  1.08454886452666e-01
 5.36417631367010e-01  1.05165588396201e-01
 5.55075704909560e-01  1.01799591961346e-01
 5.73808427242608e-01  9.82254548247901e-02
 5.92596731105059e-01  9.45528083437127e-02
 6.11401377553511e-01  9.07526168908505e-02
 6.30186430605241e-01  8.68599905341817e-02
 6.48926781663159e-01  8.28988927564296e-02
 6.67570206424973e-01  7.88840803915043e-02
 6.86088429590952e-01  7.48408809346707e-02
 7.04445389043917e-01  7.07960106509599e-02
 7.22592093722966e-01  6.67446796651269e-02
 7.40501800453524e-01  6.27163567222652e-02
 7.58125457122835e-01  5.87385063216043e-02
 7.75421014376153e-01  5.48492226304064e-02
 7.92362373587600e-01  5.10099259934715e-02
 8.08894546151696e-01  4.72857878331834e-02
 8.24974633014891e-01  4.36737937960962e-02
 8.40576952273409e-01  4.01635249799989e-02
 8.55652758808818e-01  3.68071533939637e-02
 8.70162898882712e-01  3.35719220139392e-02
 8.84085033071272e-01  3.05008960192850e-02
 8.97361214262371e-01  2.75992216187844e-02
 9.09954680076662e-01  2.48701107725030e-02
 9.21851471402547e-01  2.22959334064445e-02
 9.33012836658427e-01  1.99070124980541e-02
 9.43389278969050e-01  1.77016697367870e-02
 9.52973153850560e-01  1.56637698837485e-02
 9.61743130827061e-01  1.37986103972884e-02
 9.69640690675464e-01  1.21186695518909e-02
 9.76664215898664e-01  1.06243521197726e-02
 9.82815077112014e-01  9.31544309014881e-03
 9.88028440045103e-01  8.20582755642917e-03
 9.92304836603751e-01  7.29548430262058e-03
 9.95693518775914e-01  6.57401140422999e-03
 9.98120489340015e-01  6.05723499423441e-03
 9.99443037908705e-01  5.77560281171394e-03
 1.00000000000000e+00  5.65699512404579e-03
