                   201   NumCoords   ! The number of coordinates in the airfoil shape file (including an extra coordinate for airfoil reference).  Set to zero if coordinates not included.
! ......... x-y coordinates are next if NumCoords > 0 .............
! x-y coordinate of airfoil reference
!  x/c        y/c
 0.243960       0
! coordinates of airfoil shape
! interpolation to 200 points
!  x/c        y/c
 1.00000000000000e+00  2.90257343513042e-04
 9.99429683992583e-01  3.11303515196976e-04
 9.98063017832965e-01  3.62810408889611e-04
 9.95573914266674e-01  4.60430728989605e-04
 9.92086309749559e-01  6.05199480637855e-04
 9.87686148675057e-01  8.00469078821760e-04
 9.82330525170640e-01  1.05583364502348e-03
 9.76011908335692e-01  1.37985734162359e-03
 9.68787467298381e-01  1.77700713439872e-03
 9.60674860259240e-01  2.25181829979103e-03
 9.51675358763677e-01  2.80715406351658e-03
 9.41827652746244e-01  3.43987474647853e-03
 9.31175295355131e-01  4.23684252953048e-03
 9.19730397431178e-01  4.88661117339678e-03
 9.07524559194720e-01  5.31651958889360e-03
 8.94610408070308e-01  5.45559511170246e-03
 8.81009696499435e-01  5.29355473307760e-03
 8.66747905197194e-01  4.76678293066114e-03
 8.51890258171205e-01  3.88065748701943e-03
 8.36469462621421e-01  2.60649061950546e-03
 8.20513485943698e-01  9.10434449416767e-04
 8.04073832217581e-01 -1.25536045559422e-03
 7.87191529885653e-01 -3.93986911143041e-03
 7.69897919101553e-01 -7.17307270436935e-03
 7.52252341235159e-01 -1.09779002667361e-02
 7.34291349178558e-01 -1.53048246585237e-02
 7.16044924955764e-01 -2.01303712604805e-02
 6.97571640033109e-01 -2.53912017751252e-02
 6.78906186433687e-01 -3.10299400937992e-02
 6.60080312620540e-01 -3.70082844281605e-02
 6.41147517137212e-01 -4.32522544506157e-02
 6.22137650968852e-01 -4.96305378884231e-02
 6.03087998194415e-01 -5.60597879835575e-02
 5.84045042118975e-01 -6.24391110957229e-02
 5.65030897687003e-01 -6.87430246418938e-02
 5.46088602779599e-01 -7.48136477482721e-02
 5.27248673916899e-01 -8.06198538027833e-02
 5.08535950506088e-01 -8.60826782571034e-02
 4.89992355470388e-01 -9.11773721048373e-02
 4.71632114506831e-01 -9.58376827416209e-02
 4.53492503744348e-01 -1.00054810259380e-01
 4.35593302897673e-01 -1.03778122729216e-01
 4.17956065616942e-01 -1.07053612397282e-01
 4.00609748442576e-01 -1.09765995382328e-01
 3.83560931606009e-01 -1.12140447991940e-01
 3.66843215733716e-01 -1.14005195427627e-01
 3.50457316320503e-01 -1.15476727832278e-01
 3.34434484008630e-01 -1.16523452953384e-01
 3.18774100329315e-01 -1.17113533439562e-01
 3.03499623121295e-01 -1.17397413380860e-01
 2.88611293565648e-01 -1.17330894522232e-01
 2.74124386665666e-01 -1.16968531716604e-01
 2.60041455523719e-01 -1.16205763530226e-01
 2.46374872015918e-01 -1.15239946355783e-01
 2.33123443938833e-01 -1.13983713442805e-01
 2.20293777810423e-01 -1.12467229450221e-01
 2.07883282965331e-01 -1.10705583893365e-01
 1.95902956391646e-01 -1.08739019370296e-01
 1.84341253066628e-01 -1.06595623377072e-01
 1.73213930954161e-01 -1.04291537522370e-01
 1.62499176129638e-01 -1.01792249193219e-01
 1.52214602777259e-01 -9.91261235125459e-02
 1.42331759398971e-01 -9.63519952421178e-02
 1.32872111539190e-01 -9.34928785936226e-02
 1.23806439629760e-01 -9.05374577861583e-02
 1.15147623386077e-01 -8.75249978008361e-02
 1.06887208802748e-01 -8.44279716929873e-02
 9.90071115215634e-02 -8.12947960241069e-02
 9.15234043853440e-02 -7.81440672006305e-02
 8.43970428172224e-02 -7.49679811281598e-02
 7.76464790199521e-02 -7.17854746001558e-02
 7.12479082120208e-02 -6.86124553736668e-02
 6.51878662973747e-02 -6.54503337853917e-02
 5.94874721274203e-02 -6.23156287253097e-02
 5.41002464180900e-02 -5.92097084835090e-02
 4.90378786701877e-02 -5.61541852250678e-02
 4.43003497573340e-02 -5.31550359088756e-02
 3.98423597346805e-02 -5.01956804300016e-02
 3.56899752436130e-02 -4.72974599382580e-02
 3.18292350050659e-02 -4.44671504480394e-02
 2.82200072057900e-02 -4.16743730851734e-02
 2.48925247792698e-02 -3.89660475949571e-02
 2.18286683030035e-02 -3.63248622642275e-02
 1.89846947131332e-02 -3.37465247615139e-02
 1.63921917020335e-02 -3.12635832028741e-02
 1.40446346341990e-02 -2.88278341716532e-02
 1.18798249846349e-02 -2.64114516335954e-02
 9.93094518736226e-03 -2.40747956449712e-02
 8.21940795734749e-03 -2.18136963040487e-02
 6.65838622137879e-03 -1.95426979184442e-02
 5.26774192850643e-03 -1.75637360793780e-02
 4.09515753852961e-03 -1.56979337772912e-02
 3.09878859713642e-03 -1.37383923441913e-02
 2.19660773551101e-03 -1.15227255664634e-02
 1.46264176301869e-03 -8.98560885585760e-03
 9.64484608297922e-04 -6.31251469792123e-03
 5.99373867982851e-04 -4.01425650184883e-03
 2.90086645599082e-04 -1.94143491004641e-03
 7.80707788302466e-05 -4.91907842276525e-04
 0.00000000000000e+00  0.00000000000000e+00
 7.80412061165972e-05  5.08757646131746e-04
 2.89878724192004e-04  2.06531875140499e-03
 5.98775316682048e-04  4.67916611115190e-03
 9.63326351634835e-04  7.67975516200408e-03
 1.45966821282819e-03  1.07372488731779e-02
 2.19097636449990e-03  1.35145228188745e-02
 3.08997841959778e-03  1.62210962389329e-02
 4.08271112470316e-03  1.86084277902674e-02
 5.24853124383664e-03  2.11056929814637e-02
 6.63128223001261e-03  2.38186115586673e-02
 8.18368429859057e-03  2.64643333235173e-02
 9.88361416849065e-03  2.90726716726396e-02
 1.18176401547236e-02  3.18723297789786e-02
 1.39661993216830e-02  3.47233868538030e-02
 1.62951420791042e-02  3.75769222490080e-02
 1.88631937781153e-02  4.05310458204040e-02
 2.16807137532775e-02  4.35447053381648e-02
 2.47159162958630e-02  4.65745427204095e-02
 2.80064400105864e-02  4.96373938181902e-02
 3.15762558914965e-02  5.27477877370146e-02
 3.53948396168776e-02  5.58945830676295e-02
 3.94949825480075e-02  5.90769121595432e-02
 4.38979282781582e-02  6.23018509366063e-02
 4.85758075737765e-02  6.55311178630221e-02
 5.35679916138118e-02  6.87799587451773e-02
 5.88818211488708e-02  7.20429054816337e-02
 6.45001629027313e-02  7.53063173370495e-02
 7.04692046391145e-02  7.85762765837650e-02
 7.67740309924709e-02  8.18302526632476e-02
 8.34162127168367e-02  8.50577219172610e-02
 9.04290195190656e-02  8.82615139078094e-02
 9.77906533229447e-02  9.14229161729464e-02
 1.05536187198748e-01  9.45430395669431e-02
 1.13658760041779e-01  9.75626500453990e-02
 1.22161483318940e-01  1.00575203733225e-01
 1.31067498602735e-01  1.03429193907199e-01
 1.40354649921884e-01  1.06198217996122e-01
 1.50055110786138e-01  1.08838631898866e-01
 1.60148962661562e-01  1.11353196782225e-01
 1.70658187899640e-01  1.13789033674838e-01
 1.81574957422924e-01  1.16001467295977e-01
 1.92907571409635e-01  1.18053305927940e-01
 2.04657634577812e-01  1.19926634377977e-01
 2.16817353069424e-01  1.21572858873291e-01
 2.29396483963478e-01  1.22976547325429e-01
 2.42377800694080e-01  1.24161069915272e-01
 2.55773624268338e-01  1.25161530823339e-01
 2.69566785632899e-01  1.25832866914648e-01
 2.83765797226135e-01  1.26345986649135e-01
 2.98347982887804e-01  1.26465966953141e-01
 3.13318978785268e-01  1.26435272713707e-01
 3.28658461892810e-01  1.26031287036791e-01
 3.44364941645546e-01  1.25413857722972e-01
 3.60419773725681e-01  1.24470187751898e-01
 3.76811233766957e-01  1.23243710325611e-01
 3.93525251020729e-01  1.21749714243468e-01
 4.10538642553571e-01  1.20059971679840e-01
 4.27843232490823e-01  1.18083153581834e-01
 4.45406663468198e-01  1.15837366398788e-01
 4.63222254103030e-01  1.13457275396214e-01
 4.81251545655716e-01  1.10789575625632e-01
 4.99481026671737e-01  1.07938397898626e-01
 5.17879583085697e-01  1.04873369328359e-01
 5.36417631367010e-01  1.01617688522793e-01
 5.55075704909560e-01  9.82850298639032e-02
 5.73808427242608e-01  9.47461230475028e-02
 5.92596731105059e-01  9.11081214528378e-02
 6.11401377553511e-01  8.73416121785141e-02
 6.30186430605241e-01  8.34798371491294e-02
 6.48926781663159e-01  7.95575946047644e-02
 6.67570206424973e-01  7.55857984757281e-02
 6.86088429590952e-01  7.15976809450117e-02
 7.04445389043917e-01  6.76088302661351e-02
 7.22592093722966e-01  6.36287936878804e-02
 7.40501800453524e-01  5.96753889654756e-02
 7.58125457122835e-01  5.57823780794164e-02
 7.75421014376153e-01  5.19880475767061e-02
 7.92362373587600e-01  4.82464016985935e-02
 8.08894546151696e-01  4.46272030224136e-02
 8.24974633014891e-01  4.11286087552465e-02
 8.40576952273409e-01  3.77306183438131e-02
 8.55652758808818e-01  3.44891578872089e-02
 8.70162898882712e-01  3.13620170805274e-02
 8.84085033071272e-01  2.84008041123212e-02
 8.97361214262371e-01  2.56053194734185e-02
 9.09954680076662e-01  2.29794199512318e-02
 9.21851471402547e-01  2.04999189590075e-02
 9.33012836658427e-01  1.81990730918717e-02
 9.43389278969050e-01  1.60747278235996e-02
 9.52973153850560e-01  1.41146323258711e-02
 9.61743130827061e-01  1.23216379578880e-02
 9.69640690675464e-01  1.07076449629983e-02
 9.76664215898664e-01  9.27286435228551e-03
 9.82815077112014e-01  8.01686492287665e-03
 9.88028440045103e-01  6.95271124720023e-03
 9.92304836603751e-01  6.08011280767334e-03
 9.95693518775914e-01  5.38885620394911e-03
 9.98120489340015e-01  4.89389434350601e-03
 9.99443037908705e-01  4.62421249516057e-03
 1.00000000000000e+00  4.51065089575521e-03
