                   201   NumCoords   ! The number of coordinates in the airfoil shape file (including an extra coordinate for airfoil reference).  Set to zero if coordinates not included.
! ......... x-y coordinates are next if NumCoords > 0 .............
! x-y coordinate of airfoil reference
!  x/c        y/c
 0.234819       0
! coordinates of airfoil shape
! interpolation to 200 points
!  x/c        y/c
 1.00000000000000e+00  2.62009746014469e-04
 9.99429683992583e-01  2.91633982896205e-04
 9.98063017832965e-01  3.63239253441314e-04
 9.95573914266674e-01  4.95844186367107e-04
 9.92086309749559e-01  6.86249810757399e-04
 9.87686148675057e-01  9.33790600897762e-04
 9.82330525170640e-01  1.24541020921875e-03
 9.76011908335692e-01  1.62647080389572e-03
 9.68787467298381e-01  2.07811805555649e-03
 9.60674860259240e-01  2.60292301170324e-03
 9.51675358763677e-01  3.20322300314727e-03
 9.41827652746244e-01  3.87699878425203e-03
 9.31175295355131e-01  4.66919146205205e-03
 9.19730397431178e-01  5.31928979620308e-03
 9.07524559194720e-01  5.73485540060482e-03
 8.94610408070308e-01  5.87291742464236e-03
 8.81009696499435e-01  5.72805424031441e-03
 8.66747905197194e-01  5.24423926093564e-03
 8.51890258171205e-01  4.42321130982902e-03
 8.36469462621421e-01  3.23036020807656e-03
 8.20513485943698e-01  1.64278552115538e-03
 8.04073832217581e-01 -3.80878671976243e-04
 7.87191529885653e-01 -2.88399116295533e-03
 7.69897919101553e-01 -5.89488355003285e-03
 7.52252341235159e-01 -9.42132133047935e-03
 7.34291349178558e-01 -1.34328012811168e-02
 7.16044924955764e-01 -1.79158468436935e-02
 6.97571640033109e-01 -2.28484070121430e-02
 6.78906186433687e-01 -2.81947534631284e-02
 6.60080312620540e-01 -3.38725921005433e-02
 6.41147517137212e-01 -3.98164588923376e-02
 6.22137650968852e-01 -4.59105532888637e-02
 6.03087998194415e-01 -5.20725314659354e-02
 5.84045042118975e-01 -5.82123067446573e-02
 5.65030897687003e-01 -6.42860187878335e-02
 5.46088602779599e-01 -7.01540125734445e-02
 5.27248673916899e-01 -7.57785577110678e-02
 5.08535950506088e-01 -8.10872157672315e-02
 4.89992355470388e-01 -8.60431851519609e-02
 4.71632114506831e-01 -9.05695123043968e-02
 4.53492503744348e-01 -9.46568069844855e-02
 4.35593302897673e-01 -9.82537138875866e-02
 4.17956065616942e-01 -1.01401260779135e-01
 4.00609748442576e-01 -1.03998975449808e-01
 3.83560931606009e-01 -1.06252698653623e-01
 3.66843215733716e-01 -1.08010932031598e-01
 3.50457316320503e-01 -1.09379159946483e-01
 3.34434484008630e-01 -1.10334989091951e-01
 3.18774100329315e-01 -1.10847906272929e-01
 3.03499623121295e-01 -1.11055702736166e-01
 2.88611293565648e-01 -1.10928695959523e-01
 2.74124386665666e-01 -1.10510959328906e-01
 2.60041455523719e-01 -1.09717912157793e-01
 2.46374872015918e-01 -1.08726916217742e-01
 2.33123443938833e-01 -1.07461161321067e-01
 2.20293777810423e-01 -1.05952520937258e-01
 2.07883282965331e-01 -1.04216248858882e-01
 1.95902956391646e-01 -1.02287595510640e-01
 1.84341253066628e-01 -1.00192811780815e-01
 1.73213930954161e-01 -9.79499836441508e-02
 1.62499176129638e-01 -9.55319192788403e-02
 1.52214602777259e-01 -9.29611493202750e-02
 1.42331759398971e-01 -9.02951252654321e-02
 1.32872111539190e-01 -8.75566612254474e-02
 1.23806439629760e-01 -8.47331397303235e-02
 1.15147623386077e-01 -8.18621583026942e-02
 1.06887208802748e-01 -7.89177849553677e-02
 9.90071115215634e-02 -7.59449588704951e-02
 9.15234043853440e-02 -7.29617455997867e-02
 8.43970428172224e-02 -6.99605140532556e-02
 7.76464790199521e-02 -6.69583520648240e-02
 7.12479082120208e-02 -6.39691212089685e-02
 6.51878662973747e-02 -6.09955709491589e-02
 5.94874721274203e-02 -5.80544772622660e-02
 5.41002464180900e-02 -5.51434226781052e-02
 4.90378786701877e-02 -5.22806467884946e-02
 4.43003497573340e-02 -4.94727540642813e-02
 3.98423597346805e-02 -4.67048583454744e-02
 3.56899752436130e-02 -4.39959100596586e-02
 3.18292350050659e-02 -4.13525347790641e-02
 2.82200072057900e-02 -3.87468708104596e-02
 2.48925247792698e-02 -3.62210046163218e-02
 2.18286683030035e-02 -3.37638082136157e-02
 1.89846947131332e-02 -3.13649091668279e-02
 1.63921917020335e-02 -2.90529836378558e-02
 1.40446346341990e-02 -2.68019907786317e-02
 1.18798249846349e-02 -2.45696404875485e-02
 9.93094518736226e-03 -2.23990806300393e-02
 8.21940795734749e-03 -2.03164250585403e-02
 6.65838622137879e-03 -1.82544924648402e-02
 5.26774192850643e-03 -1.64205356613818e-02
 4.09515753852961e-03 -1.46670232646272e-02
 3.09878859713642e-03 -1.28150617112285e-02
 2.19660773551101e-03 -1.06594243500408e-02
 1.46264176301869e-03 -8.12844245545231e-03
 9.64484608297922e-04 -5.55824645552348e-03
 5.99373867982851e-04 -3.44898041292988e-03
 2.90086645599082e-04 -1.64214941110892e-03
 7.80707788302466e-05 -4.71206535876969e-04
 0.00000000000000e+00  0.00000000000000e+00
 7.80412061165972e-05  4.86372539732481e-04
 2.89878724192004e-04  1.94268255173419e-03
 5.98775316682048e-04  4.16515096709421e-03
 9.63326351634835e-04  6.86536126288762e-03
 1.45966821282819e-03  9.80645430896306e-03
 2.19097636449990e-03  1.25861926908817e-02
 3.08997841959778e-03  1.51830259890504e-02
 4.08271112470316e-03  1.74583139476004e-02
 5.24853124383664e-03  1.98084759277956e-02
 6.63128223001261e-03  2.23490846602022e-02
 8.18368429859057e-03  2.48705412816591e-02
 9.88361416849065e-03  2.73631344614618e-02
 1.18176401547236e-02  3.00258777597240e-02
 1.39661993216830e-02  3.27454603084593e-02
 1.62951420791042e-02  3.54779452781631e-02
 1.88631937781153e-02  3.83029620482284e-02
 2.16807137532775e-02  4.11919150051525e-02
 2.47159162958630e-02  4.41013253725563e-02
 2.80064400105864e-02  4.70476559000635e-02
 3.15762558914965e-02  5.00494520448221e-02
 3.53948396168776e-02  5.30882337478927e-02
 3.94949825480075e-02  5.61675022382007e-02
 4.38979282781582e-02  5.92919847444549e-02
 4.85758075737765e-02  6.24308614200919e-02
 5.35679916138118e-02  6.56071037066919e-02
 5.88818211488708e-02  6.88055751574289e-02
 6.45001629027313e-02  7.20097202847670e-02
 7.04692046391145e-02  7.52251013674642e-02
 7.67740309924709e-02  7.84294001377564e-02
 8.34162127168367e-02  8.16132617498052e-02
 9.04290195190656e-02  8.47817146711991e-02
 9.77906533229447e-02  8.79141402062525e-02
 1.05536187198748e-01  9.10137432795118e-02
 1.13658760041779e-01  9.40313969222435e-02
 1.22161483318940e-01  9.70328548129723e-02
 1.31067498602735e-01  9.98993453704464e-02
 1.40354649921884e-01  1.02680594696238e-01
 1.50055110786138e-01  1.05353882209014e-01
 1.60148962661562e-01  1.07919089716062e-01
 1.70658187899640e-01  1.10375362661309e-01
 1.81574957422924e-01  1.12656454945356e-01
 1.92907571409635e-01  1.14777050567585e-01
 2.04657634577812e-01  1.16718854660467e-01
 2.16817353069424e-01  1.18445550286227e-01
 2.29396483963478e-01  1.19959333893959e-01
 2.42377800694080e-01  1.21239232385029e-01
 2.55773624268338e-01  1.22306460106358e-01
 2.69566785632899e-01  1.23053425064093e-01
 2.83765797226135e-01  1.23612615214610e-01
 2.98347982887804e-01  1.23816695838865e-01
 3.13318978785268e-01  1.23808766918775e-01
 3.28658461892810e-01  1.23483884418777e-01
 3.44364941645546e-01  1.22894547550192e-01
 3.60419773725681e-01  1.21997734518044e-01
 3.76811233766957e-01  1.20807218441929e-01
 3.93525251020729e-01  1.19336533958564e-01
 4.10538642553571e-01  1.17643837674510e-01
 4.27843232490823e-01  1.15688755911569e-01
 4.45406663468198e-01  1.13443093225458e-01
 4.63222254103030e-01  1.11051125329061e-01
 4.81251545655716e-01  1.08368287692480e-01
 4.99481026671737e-01  1.05502004580005e-01
 5.17879583085697e-01  1.02446506613523e-01
 5.36417631367010e-01  9.91881783100535e-02
 5.55075704909560e-01  9.58355266204393e-02
 5.73808427242608e-01  9.22947274682274e-02
 5.92596731105059e-01  8.86461161967480e-02
 6.11401377553511e-01  8.48731559944311e-02
 6.30186430605241e-01  8.09988409403054e-02
 6.48926781663159e-01  7.70741961700236e-02
 6.67570206424973e-01  7.31027437483950e-02
 6.86088429590952e-01  6.91253543747268e-02
 7.04445389043917e-01  6.51445798211552e-02
 7.22592093722966e-01  6.11909202452588e-02
 7.40501800453524e-01  5.72653689658800e-02
 7.58125457122835e-01  5.34107602176916e-02
 7.75421014376153e-01  4.96594669582618e-02
 7.92362373587600e-01  4.59736514692334e-02
 8.08894546151696e-01  4.24143833239996e-02
 8.24974633014891e-01  3.89836442723994e-02
 8.40576952273409e-01  3.56615215509674e-02
 8.55652758808818e-01  3.24938146488905e-02
 8.70162898882712e-01  2.94429822085129e-02
 8.84085033071272e-01  2.65617717002964e-02
 8.97361214262371e-01  2.38422259927838e-02
 9.09954680076662e-01  2.12932331286704e-02
 9.21851471402547e-01  1.88899148077506e-02
 9.33012836658427e-01  1.66630291761393e-02
 9.43389278969050e-01  1.46081232283728e-02
 9.52973153850560e-01  1.27258791938087e-02
 9.61743130827061e-01  1.10084690980413e-02
 9.69640690675464e-01  9.46688202683016e-03
 9.76664215898664e-01  8.10051594578677e-03
 9.82815077112014e-01  6.90792983963675e-03
 9.88028440045103e-01  5.90033096196636e-03
 9.92304836603751e-01  5.07619036937667e-03
 9.95693518775914e-01  4.42473196119576e-03
 9.98120489340015e-01  3.95906646321502e-03
 9.99443037908705e-01  3.70563597698737e-03
 1.00000000000000e+00  3.59897982063028e-03
