                   201   NumCoords   ! The number of coordinates in the airfoil shape file (including an extra coordinate for airfoil reference).  Set to zero if coordinates not included.
! ......... x-y coordinates are next if NumCoords > 0 .............
! x-y coordinate of airfoil reference
!  x/c        y/c
 0.203534       0
! coordinates of airfoil shape
! interpolation to 200 points
!  x/c        y/c
 1.00000000000000e+00 -3.56942970993118e-04
 9.99429683992583e-01 -2.87010055624775e-04
 9.98063017832965e-01 -1.21161263386114e-04
 9.95573914266674e-01  1.74663492809918e-04
 9.92086309749559e-01  5.75797772524664e-04
 9.87686148675057e-01  1.06007271462061e-03
 9.82330525170640e-01  1.61747819920324e-03
 9.76011908335692e-01  2.23130058779072e-03
 9.68787467298381e-01  2.87720135379308e-03
 9.60674860259240e-01  3.53459113903446e-03
 9.51675358763677e-01  4.18422763059737e-03
 9.41827652746244e-01  4.80506228661000e-03
 9.31175295355131e-01  5.31853915480419e-03
 9.19730397431178e-01  5.66859111190387e-03
 9.07524559194720e-01  5.99342760695264e-03
 8.94610408070308e-01  6.07278240029953e-03
 8.81009696499435e-01  5.89250376009862e-03
 8.66747905197194e-01  5.41901944810193e-03
 8.51890258171205e-01  4.66047089834378e-03
 8.36469462621421e-01  3.58090485135803e-03
 8.20513485943698e-01  2.16518504487285e-03
 8.04073832217581e-01  3.99855417272362e-04
 7.87191529885653e-01 -1.73080603243612e-03
 7.69897919101553e-01 -4.25230775247077e-03
 7.52252341235159e-01 -7.11634276884685e-03
 7.34291349178558e-01 -1.03340569743483e-02
 7.16044924955764e-01 -1.39771579992603e-02
 6.97571640033109e-01 -1.77592127583476e-02
 6.78906186433687e-01 -2.15625270221741e-02
 6.60080312620540e-01 -2.56540539587980e-02
 6.41147517137212e-01 -3.00290617379799e-02
 6.22137650968852e-01 -3.45858368946415e-02
 6.03087998194415e-01 -3.92543740823894e-02
 5.84045042118975e-01 -4.39942577852873e-02
 5.65030897687003e-01 -4.86971785579802e-02
 5.46088602779599e-01 -5.33255134527251e-02
 5.27248673916899e-01 -5.78151095423197e-02
 5.08535950506088e-01 -6.21388750659181e-02
 4.89992355470388e-01 -6.62025135691872e-02
 4.71632114506831e-01 -6.99154030040856e-02
 4.53492503744348e-01 -7.32417645455960e-02
 4.35593302897673e-01 -7.61493402934779e-02
 4.17956065616942e-01 -7.86408552916547e-02
 4.00609748442576e-01 -8.07180867644235e-02
 3.83560931606009e-01 -8.24031686758712e-02
 3.66843215733716e-01 -8.37265904436932e-02
 3.50457316320503e-01 -8.46478825217361e-02
 3.34434484008630e-01 -8.52400259633080e-02
 3.18774100329315e-01 -8.55177167762988e-02
 3.03499623121295e-01 -8.54843971528296e-02
 2.88611293565648e-01 -8.51878698831518e-02
 2.74124386665666e-01 -8.46222049960641e-02
 2.60041455523719e-01 -8.38555321492270e-02
 2.46374872015918e-01 -8.28966784416356e-02
 2.33123443938833e-01 -8.17327125115018e-02
 2.20293777810423e-01 -8.04045072623086e-02
 2.07883282965331e-01 -7.89429312941026e-02
 1.95902956391646e-01 -7.73480898418080e-02
 1.84341253066628e-01 -7.56147203194654e-02
 1.73213930954161e-01 -7.37766846134579e-02
 1.62499176129638e-01 -7.18614975046327e-02
 1.52214602777259e-01 -6.98681586316847e-02
 1.42331759398971e-01 -6.78170887441618e-02
 1.32872111539190e-01 -6.57247203502782e-02
 1.23806439629760e-01 -6.35848974649998e-02
 1.15147623386077e-01 -6.14232969088793e-02
 1.06887208802748e-01 -5.92392938401822e-02
 9.90071115215634e-02 -5.70352108730605e-02
 9.15234043853440e-02 -5.48230546899506e-02
 8.43970428172224e-02 -5.26059195524360e-02
 7.76464790199521e-02 -5.03992963543348e-02
 7.12479082120208e-02 -4.82057057684443e-02
 6.51878662973747e-02 -4.60289380212731e-02
 5.94874721274203e-02 -4.38868344737552e-02
 5.41002464180900e-02 -4.17616896038988e-02
 4.90378786701877e-02 -3.96599163965915e-02
 4.43003497573340e-02 -3.75915480307953e-02
 3.98423597346805e-02 -3.55480121694479e-02
 3.56899752436130e-02 -3.35440768024085e-02
 3.18292350050659e-02 -3.15844057768991e-02
 2.82200072057900e-02 -2.96552551461878e-02
 2.48925247792698e-02 -2.77665209889906e-02
 2.18286683030035e-02 -2.59344793878742e-02
 1.89846947131332e-02 -2.41194073933186e-02
 1.63921917020335e-02 -2.23469399823950e-02
 1.40446346341990e-02 -2.06542889816199e-02
 1.18798249846349e-02 -1.89659338872887e-02
 9.93094518736226e-03 -1.72952268942401e-02
 8.21940795734749e-03 -1.57250594307212e-02
 6.65838622137879e-03 -1.43145496335332e-02
 5.26774192850643e-03 -1.28619160267018e-02
 4.09515753852961e-03 -1.13472479332505e-02
 3.09878859713642e-03 -9.77148686540482e-03
 2.19660773551101e-03 -7.83415167435318e-03
 1.46264176301869e-03 -5.46970197402394e-03
 9.64484608297922e-04 -3.66709130863960e-03
 5.99373867982851e-04 -2.32193657045948e-03
 2.90086645599082e-04 -1.18231075735043e-03
 7.80707788302466e-05 -3.08389230718063e-04
 0.00000000000000e+00  0.00000000000000e+00
 7.80412061165972e-05  3.17424810369407e-04
 2.89878724192004e-04  1.28867531504474e-03
 5.98775316682048e-04  2.91404773662475e-03
 9.63326351634835e-04  4.97534779024928e-03
 1.45966821282819e-03  7.62589710390920e-03
 2.19097636449990e-03  1.04570672444828e-02
 3.08997841959778e-03  1.26525844256435e-02
 4.08271112470316e-03  1.46575605829208e-02
 5.24853124383664e-03  1.66202357955675e-02
 6.63128223001261e-03  1.86587032787468e-02
 8.18368429859057e-03  2.08888607593147e-02
 9.88361416849065e-03  2.31179996273244e-02
 1.18176401547236e-02  2.54224452895118e-02
 1.39661993216830e-02  2.78149537492793e-02
 1.62951420791042e-02  3.02523794147672e-02
 1.88631937781153e-02  3.27494273606702e-02
 2.16807137532775e-02  3.53501063531348e-02
 2.47159162958630e-02  3.79957792181124e-02
 2.80064400105864e-02  4.06951061805732e-02
 3.15762558914965e-02  4.34784124619084e-02
 3.53948396168776e-02  4.62957613333429e-02
 3.94949825480075e-02  4.91690050510611e-02
 4.38979282781582e-02  5.20953762037594e-02
 4.85758075737765e-02  5.50154836806587e-02
 5.35679916138118e-02  5.78831204166104e-02
 5.88818211488708e-02  6.07909364107166e-02
 6.45001629027313e-02  6.37208683384120e-02
 7.04692046391145e-02  6.66910551974592e-02
 7.67740309924709e-02  6.96807233485045e-02
 8.34162127168367e-02  7.26713467378471e-02
 9.04290195190656e-02  7.56581555743827e-02
 9.77906533229447e-02  7.86142031938347e-02
 1.05536187198748e-01  8.15792859041039e-02
 1.13658760041779e-01  8.45416817810116e-02
 1.22161483318940e-01  8.74659649267011e-02
 1.31067498602735e-01  9.03511118047713e-02
 1.40354649921884e-01  9.31638916583514e-02
 1.50055110786138e-01  9.59282409374542e-02
 1.60148962661562e-01  9.86415328574510e-02
 1.70658187899640e-01  1.01182715684255e-01
 1.81574957422924e-01  1.03686554391858e-01
 1.92907571409635e-01  1.06035472689871e-01
 2.04657634577812e-01  1.08220239719561e-01
 2.16817353069424e-01  1.10256470845528e-01
 2.29396483963478e-01  1.12169551419470e-01
 2.42377800694080e-01  1.13831068034312e-01
 2.55773624268338e-01  1.15242020630451e-01
 2.69566785632899e-01  1.16467065113299e-01
 2.83765797226135e-01  1.17474115956308e-01
 2.98347982887804e-01  1.18247376234086e-01
 3.13318978785268e-01  1.18550506461331e-01
 3.28658461892810e-01  1.18417045018564e-01
 3.44364941645546e-01  1.17918712755830e-01
 3.60419773725681e-01  1.17181037288366e-01
 3.76811233766957e-01  1.16141089073319e-01
 3.93525251020729e-01  1.14809019612205e-01
 4.10538642553571e-01  1.13182623236152e-01
 4.27843232490823e-01  1.11329559499281e-01
 4.45406663468198e-01  1.09133518124188e-01
 4.63222254103030e-01  1.06749884096183e-01
 4.81251545655716e-01  1.04060831830362e-01
 4.99481026671737e-01  1.01179226765176e-01
 5.17879583085697e-01  9.81683460266887e-02
 5.36417631367010e-01  9.49163650948868e-02
 5.55075704909560e-01  9.15045171938129e-02
 5.73808427242608e-01  8.79531992366763e-02
 5.92596731105059e-01  8.42539238246917e-02
 6.11401377553511e-01  8.04379262583062e-02
 6.30186430605241e-01  7.64902548068579e-02
 6.48926781663159e-01  7.25086650117265e-02
 6.67570206424973e-01  6.84786370035436e-02
 6.86088429590952e-01  6.44556482712538e-02
 7.04445389043917e-01  6.04100758707650e-02
 7.22592093722966e-01  5.64325369488073e-02
 7.40501800453524e-01  5.24762705081234e-02
 7.58125457122835e-01  4.86134746384827e-02
 7.75421014376153e-01  4.48499826497421e-02
 7.92362373587600e-01  4.11958125932347e-02
 8.08894546151696e-01  3.76714354015875e-02
 8.24974633014891e-01  3.42927090532991e-02
 8.40576952273409e-01  3.10566115706917e-02
 8.55652758808818e-01  2.79608143192600e-02
 8.70162898882712e-01  2.50038169608369e-02
 8.84085033071272e-01  2.22281081939822e-02
 8.97361214262371e-01  1.96043355657683e-02
 9.09954680076662e-01  1.71637565162074e-02
 9.21851471402547e-01  1.48853387627742e-02
 9.33012836658427e-01  1.27853267400391e-02
 9.43389278969050e-01  1.08490322186406e-02
 9.52973153850560e-01  9.08079605611253e-03
 9.61743130827061e-01  7.46908101723967e-03
 9.69640690675464e-01  6.02405499173095e-03
 9.76664215898664e-01  4.74484956391099e-03
 9.82815077112014e-01  3.62971779790251e-03
 9.88028440045103e-01  2.68867129620471e-03
 9.92304836603751e-01  1.91978871710631e-03
 9.95693518775914e-01  1.31256955371498e-03
 9.98120489340015e-01  8.78844485109530e-04
 9.99443037908705e-01  6.42912281450711e-04
 1.00000000000000e+00  5.43645054559950e-04
